0.0000000028551458097015064093102666680479
0.0000000270359892769042559515980633744555
0.0000000839649298371424828284357644000119
0.0000001979447608279602212656725579257207
0.0000004237390140533084734098199444881012
0.0000008711895033459962741587099440481817
0.0000017503203777017100256064559288977369
0.0000034555751688699332628963548959814172
0.0000067185982334364284952876798029044883
0.0000128804707291155147418823339118445614
0.0000243713239428360649649735060514178613
0.0000455468794726289629779975703520759553
0.0000841337685630000773365920207515471912
0.0001537042349068372940344707661716565361
0.0002778771551407872334126382911747080162
0.0004973915772963134034186457764145639082
0.0008819244329993529855717271793546369052
0.0015496878821605754974644012932245840108
0.0026996971168641848300942965438453668980
0.0046645396377019646604329791879373079411
0.0079961095663942159581414020723399982415
0.0136040294367417291569193516127811438565
0.0229777963481778506661283101655812721731
0.0385412384240981324588705848183112223637
0.0642149677748320888719568873270748810000
0.1063042340199271834440719781966766532832
0.1748937953917506418478845439667956895846
0.2860310294321402236781756722727720898547
0.4651373035319397479189513361363950139094
0.7523596230672571986541202759823931955907
1.2111157070402977168743080538249046185229
1.9424425816848204611169553812644039680890
3.1121630891643058658933840288085548309027
5.0164946888298029294660229648883387199021
8.3302325483698394939860443209056484192843