0 0.005844369530677795
0.05000000074505806 0.00587532902136445
0.1000000014901161 0.005970124155282974
0.1500000059604645 0.006125193554908037
0.2000000029802322 0.006340814754366875
0.25 0.006625443696975708
0.300000011920929 0.006966048385947943
0.3499999940395355 0.007375548128038645
0.4000000059604645 0.007851253263652325
0.449999988079071 0.008386640809476376
0.5 0.009002696722745895
0.550000011920929 0.009675438515841961
0.6000000238418579 0.01041277591139078
0.6499999761581421 0.0112253725528717
0.699999988079071 0.01211490575224161
0.75 0.01307022944092751
0.800000011920929 0.01408025436103344
0.8500000238418579 0.01516727730631828
0.8999999761581421 0.01631277799606323
0.949999988079071 0.01749095693230629
1 0.01870155893266201
1.049999952316284 0.01993176899850368
1.100000023841858 0.02115725353360176
1.149999976158142 0.02234800346195698
1.200000047683716 0.02348646707832813
1.25 0.02456546761095524
1.299999952316284 0.02553568221628666
1.350000023841858 0.02634516172111034
1.399999976158142 0.02693854831159115
1.450000047683716 0.02744618803262711
1.5 0.02780392020940781
1.549999952316284 0.02788944728672504
1.600000023841858 0.02797461487352848
1.649999976158142 0.02775258384644985
1.700000047683716 0.02739068306982517
1.75 0.02687550149857998
1.799999952316284 0.02625877410173416
1.850000023841858 0.02561137080192566
1.899999976158142 0.02480719238519669
1.950000047683716 0.02400301210582256
2 0.02313101291656494
2.049999952316284 0.02222363278269768
2.099999904632568 0.02130146138370037
2.150000095367432 0.02037485502660275
2.200000047683716 0.01944710128009319
2.25 0.01851934939622879
2.299999952316284 0.01761472411453724
2.349999904632568 0.01674061641097069
2.400000095367432 0.01586650498211384
2.450000047683716 0.01499704271554947
2.5 0.0141909271478653
2.549999952316284 0.01340084802359343
2.599999904632568 0.01264921389520168
2.650000095367432 0.01194026321172714
2.700000047683716 0.01127066090703011
2.75 0.01060105767101049
2.799999952316284 0.009948030114173889
2.849999904632568 0.009383626282215118
2.900000095367432 0.008819219656288624
2.950000047683716 0.008254815824329853
3 0.007750051561743021
3.049999952316284 0.007261883467435837
3.099999904632568 0.006829948164522648
3.150000095367432 0.006398010533303022
3.200000047683716 0.006007621996104717
3.25 0.005661078728735447
3.299999952316284 0.005314535927027464
3.349999904632568 0.004967993125319481
3.400000095367432 0.004621448460966349
3.450000047683716 0.004336916375905275
3.5 0.004081229213625193
3.549999952316284 0.003825541585683823
3.599999904632568 0.003569854190573096
3.650000095367432 0.003314165631309152
3.700000047683716 0.003106716088950634
3.75 0.002905937843024731
3.799999952316284 0.002715822542086244
3.849999904632568 0.002546017989516258
3.900000095367432 0.002376212505623698
3.950000047683716 0.00223594019189477
4 0.0021025943569839
4.050000190734863 0.001969247590750456
4.099999904632568 0.001835902337916195
4.150000095367432 0.001702776644378901
4.199999809265137 0.001606205827556551
4.25 0.001509634195826948
4.300000190734863 0.001413062447682023
4.349999904632568 0.001316491747274995
4.400000095367432 0.001224238774739206
4.449999809265137 0.001149048795923591
4.5 0.001073858002200723
4.550000190734863 0.001008011167868972
4.599999904632568 0.0009468140779063106
4.650000095367432 0.0008856164058670402
4.699999809265137 0.0008252663537859917
4.75 0.0007819386082701385
4.800000190734863 0.0007386109209619462
4.849999904632568 0.0006952835828997195
4.900000095367432 0.0006519558955915272
4.949999809265137 0.0006086285575293005
5 0.0005653008702211082
5.050000190734863 0.0005249056848697364
5.099999904632568 0.0004974707844667137
5.150000095367432 0.0004700356512330472
5.199999809265137 0.0004426007508300245
5.25 0.0004151655884925276
5.300000190734863 0.0003877304261550307
5.349999904632568 0.000360295525752008
5.400000095367432 0.0003354757791385055
5.449999809265137 0.0003161723434459418
5.5 0.0002968686749227345
5.550000190734863 0.0002775650355033576
5.599999904632568 0.000261109642451629
5.650000095367432 0.0002458671515341848
5.699999809265137 0.0002306247915839776
5.75 0.0002157314156647772
5.800000190734863 0.000204801544896327
5.849999904632568 0.0001938717759912834
5.900000095367432 0.0001829419052228332
5.949999809265137 0.0001720121363177896
6 0.0001610822509974241
6.050000190734863 0.0001501523802289739
6.099999904632568 0.0001400668988935649
6.150000095367432 0.0001330086815869436
6.199999809265137 0.0001259505370398983
6.25 0.0001188923270092346
6.300000190734863 0.0001118341097026132
6.349999904632568 0.000104775965155568
6.400000095367432 9.77177478489466e-05
6.449999809265137 9.137322194874287e-05
6.5 8.632416574982926e-05
6.550000190734863 8.127510227495804e-05
6.599999904632568 7.622608973179013e-05
6.650000095367432 7.20567986718379e-05
6.699999809265137 6.820499402238056e-05
6.75 6.435315299313515e-05
6.800000190734863 6.050130832591094e-05
6.849999904632568 5.66495000384748e-05
6.900000095367432 5.358037378755398e-05
6.949999809265137 5.111899736220948e-05
7 4.865759547101334e-05
7.050000190734863 4.619619357981719e-05
7.099999904632568 4.373481715447269e-05
7.150000095367432 4.127341526327655e-05
7.199999809265137 3.881203883793205e-05
7.25 3.63506369467359e-05
7.300000190734863 3.388923869351856e-05
7.349999904632568 3.142785863019526e-05
7.400000095367432 2.979903001687489e-05
7.449999809265137 2.843484617187642e-05
7.5 2.707065141294152e-05
7.550000190734863 2.570645483501721e-05
7.599999904632568 2.434227280900814e-05
7.650000095367432 2.297807623108383e-05
7.699999809265137 2.161389420507476e-05
7.75 2.024969762715045e-05
7.800000190734863 1.888550286821555e-05
7.849999904632568 1.752132084220648e-05
7.900000095367432 1.663208058744203e-05
7.949999809265137 1.576538852532394e-05
8 1.489868827775354e-05
8.050000190734863 1.403198893967783e-05
8.100000381469727 1.316528869210742e-05
8.149999618530273 1.247570253326558e-05
8.199999809265137 1.18352490972029e-05
8.25 1.119479475164553e-05
8.300000190734863 1.055434131558286e-05
8.350000381469727 9.913887879520189e-06
8.399999618530273 9.408650839759503e-06
8.449999809265137 8.9895365817938e-06
8.5 8.570422323828097e-06
8.550000190734863 8.151308975357097e-06
8.600000381469727 7.732194717391394e-06
8.649999618530273 7.313088644878007e-06
8.699999809265137 6.893974386912305e-06
8.75 6.474860583693953e-06
8.800000190734863 6.055746325728251e-06
8.850000381469727 5.636632522509899e-06
8.899999618530273 5.362760475691175e-06
8.949999809265137 5.123675236973213e-06
9 4.884589998255251e-06
9.050000190734863 4.645504759537289e-06
9.100000381469727 4.406419520819327e-06
9.149999618530273 4.167338374827523e-06
9.199999809265137 3.928253136109561e-06
9.25 3.689167897391599e-06
9.300000190734863 3.450082431299961e-06
9.350000381469727 3.211218427168205e-06
9.399999618530273 3.056251898669871e-06
9.449999809265137 2.901282414313755e-06
9.5 2.746312929957639e-06
9.550000190734863 2.591343445601524e-06
9.600000381469727 2.436373961245408e-06
9.649999618530273 2.319343821000075e-06
9.699999809265137 2.210042794104083e-06
9.75 2.100741767208092e-06
9.800000190734863 1.9914407403121e-06
9.850000381469727 1.882139713416109e-06
9.899999618530273 1.772840846570034e-06
9.949999809265137 1.663539819674043e-06
10 1.575464580128028e-06
10.05000019073486 1.514158952886646e-06
10.10000038146973 1.452853325645265e-06
10.14999961853027 1.391548948959098e-06
10.19999980926514 1.330243435404554e-06
10.25 1.268937808163173e-06
10.30000019073486 1.207632294608629e-06
10.35000038146973 1.146326667367248e-06
10.39999961853027 1.085022290681081e-06
10.44999980926514 1.0237166634397e-06
10.5 9.624111498851562e-07
10.55000019073486 9.011055794871936e-07
10.60000038146973 8.39800009089231e-07
10.64999961853027 7.784955755596457e-07
10.69999980926514 7.315935022234044e-07
10.75 7.032962798803055e-07
10.80000019073486 6.749990006937878e-07
10.85000038146973 6.46701778350689e-07
10.89999961853027 6.18405010754941e-07
10.94999980926514 5.901077884118422e-07
11 5.618105092253245e-07
11.05000019073486 5.335132300388068e-07
11.10000038146973 5.05216007695708e-07
11.14999961853027 4.769192969433789e-07
11.19999980926514 4.486220177568612e-07
11.25 4.203247669920529e-07
11.30000019073486 3.920275162272446e-07
11.35000038146973 3.637302370407269e-07
11.39999961853027 3.409518285479862e-07
11.44999980926514 3.254736782309919e-07
11.5 3.099954994922882e-07
11.55000019073486 2.945173491752939e-07
11.60000038146973 2.790391988582996e-07
11.64999961853027 2.635613327583997e-07
11.69999980926514 2.480831540196959e-07
11.75 2.328201134105257e-07
11.80000019073486 2.224604003231434e-07
11.85000038146973 2.121007014466159e-07
11.89999961853027 2.017411873111996e-07
11.94999980926514 1.913814742238173e-07
12 1.810217611364351e-07
12.05000019073486 1.706620480490528e-07
12.10000038146973 1.603023349616706e-07
12.14999961853027 1.528528486005598e-07
12.19999980926514 1.469456947233994e-07
12.25 1.410385266353842e-07
12.30000019073486 1.351313727582237e-07
12.35000038146973 1.292242188810633e-07
12.39999961853027 1.233171786907405e-07
12.44999980926514 1.174100177081527e-07
12.5 1.115028638309923e-07
12.55000019073486 1.055957099538318e-07
12.60000038146973 9.968854897124402e-08
12.64999961853027 9.378150878092129e-08
12.69999980926514 8.787435490376083e-08
12.75 8.196719392117302e-08
12.80000019073486 7.606004004401257e-08
12.85000038146973 7.217740005671658e-08
12.89999961853027 6.939601604472045e-08
12.94999980926514 6.661457518930547e-08
13 6.383314143931784e-08
13.05000019073486 6.105170058390286e-08
13.10000038146973 5.827026328120155e-08
13.14999961853027 5.548887571649175e-08
13.19999980926514 5.270743841379044e-08
13.25 4.992600111108914e-08
13.30000019073486 4.714456380838783e-08
13.35000038146973 4.436312295297284e-08
13.39999961853027 4.158173894097672e-08
13.44999980926514 3.880030163827541e-08
13.5 3.601886433557411e-08
13.55000019073486 3.403249237976524e-08
13.60000038146973 3.248983659887017e-08
13.64999961853027 3.094720923968453e-08
13.69999980926514 2.940455523514629e-08
13.75 2.786190123060805e-08
13.80000019073486 2.631924544971298e-08
13.85000038146973 2.477659144517474e-08
13.89999961853027 2.338054017059221e-08
13.94999980926514 2.241644025957612e-08
14 2.145234034856003e-08
14.05000019073486 2.048824043754394e-08
14.10000038146973 1.952414052652784e-08
14.14999961853027 1.856005837908015e-08
14.19999980926514 1.759595846806405e-08
14.25 1.663185855704796e-08
14.30000019073486 1.566775864603187e-08
14.35000038146973 1.47036596231942e-08
14.39999961853027 1.373957836392492e-08
14.44999980926514 1.313944064662564e-08
14.5 1.26964705415844e-08
14.55000019073486 1.225350043654316e-08
14.60000038146973 1.181053033150192e-08
14.64999961853027 1.136756822006646e-08
14.69999980926514 1.092459811502522e-08
14.75 1.048162712180556e-08
14.80000019073486 1.003865701676432e-08
14.85000038146973 9.595686911723078e-09
14.89999961853027 9.152724800287615e-09
14.94999980926514 8.709754695246374e-09
15 8.266784590205134e-09
15.05000019073486 7.823814485163894e-09
15.10000038146973 7.380843936033443e-09
15.14999961853027 6.93788182459798e-09
15.19999980926514 6.49491171955674e-09
15.25 6.051941170426289e-09
15.30000019073486 5.608971065385049e-09
15.35000038146973 5.166000516254599e-09
15.39999961853027 4.723038848908345e-09
15.44999980926514 4.479576265481455e-09
15.5 4.325743763189394e-09
15.55000019073486 4.171911704986542e-09
15.60000038146973 4.01807920269448e-09
15.64999961853027 3.864249364937677e-09
15.69999980926514 3.710417084690221e-09
15.75 3.556584804442764e-09
15.80000019073486 3.402752302150702e-09
15.85000038146973 3.248919799858641e-09
15.89999961853027 3.095090406191048e-09
15.94999980926514 2.941257903898986e-09
16 2.787425623651529e-09
16.04999923706055 2.633596007939332e-09
16.10000038146973 2.479760619067406e-09
16.14999961853027 2.325931225399813e-09
16.20000076293945 2.172095836527888e-09
16.25 2.01826622081569e-09
16.29999923706055 1.864436827148097e-09
16.35000038146973 1.710601438276171e-09
16.39999961853027 1.556771933586276e-09
16.45000076293945 1.462789334105707e-09
16.5 1.396766702299601e-09
16.54999923706055 1.330744181515797e-09
16.60000038146973 1.264719107219037e-09
16.64999961853027 1.198696586435233e-09
16.70000076293945 1.132671512138472e-09
16.75 1.066648880332366e-09
16.79999923706055 1.000626359548562e-09
16.85000038146973 9.346012852518015e-10
16.89999961853027 8.685787644679976e-10
16.95000076293945 8.061765144340427e-10
17 7.687489533836356e-10
17.04999923706055 7.313213923332285e-10
17.10000038146973 6.938924435040406e-10
17.14999961853027 6.564648824536334e-10
17.20000076293945 6.190359336244455e-10
17.25 5.816083725740384e-10
17.29999923706055 5.441808115236313e-10
17.35000038146973 5.067518626944434e-10
17.39999961853027 4.693243016440363e-10
17.45000076293945 4.318953250592727e-10
17.5 4.065194847413522e-10
17.54999923706055 3.901705347697515e-10
17.60000038146973 3.738210019310628e-10
17.64999961853027 3.574720797150377e-10
17.70000076293945 3.411225191207734e-10
17.75 3.247735969047483e-10
17.79999923706055 3.084246469331475e-10
17.85000038146973 2.920751140944589e-10
17.89999961853027 2.757261918784337e-10
17.95000076293945 2.593766312841694e-10
18 2.430277090681443e-10
18.04999923706055 2.266787729743314e-10
18.10000038146973 2.103292262578549e-10
18.14999961853027 1.939802901640419e-10
18.20000076293945 1.776307434475655e-10
18.25 1.612818212315403e-10
18.29999923706055 1.449328851377274e-10
18.35000038146973 1.285833384212509e-10
18.39999961853027 1.122344092663319e-10
18.45000076293945 9.588485561096149e-11
18.5 8.63929622285653e-11
18.54999923706055 8.221598402080588e-11
18.60000038146973 7.803885315738057e-11
18.64999961853027 7.386187494962115e-11
18.70000076293945 6.968473714730195e-11
18.75 6.550775893954253e-11
18.79999923706055 6.133078073178311e-11
18.85000038146973 5.715364639891085e-11
18.89999961853027 5.297666819115143e-11
18.95000076293945 4.879953385827918e-11
19 4.462255565051976e-11
19.04999923706055 4.044557744276034e-11
19.10000038146973 3.626844310988808e-11
19.14999961853027 3.209146490212866e-11
19.20000076293945 2.791432883453293e-11
19.25 2.373735236149699e-11
19.29999923706055 1.956037415373757e-11
19.35000038146973 1.538323808614184e-11
19.39999961853027 1.120626161310589e-11
19.45000076293945 7.029125111829293e-12
19.5 4.898316127710522e-12
19.54999923706055 4.408491800778069e-12
19.60000038146973 3.918649259249118e-12
19.64999961853027 3.428824932316665e-12
19.70000076293945 2.93898217394728e-12
19.75 2.449158063855261e-12
19.79999923706055 1.959333953763243e-12
19.85000038146973 1.46949108697364e-12
19.89999961853027 9.796669768816213e-13
19.95000076293945 4.898241100920186e-13
20 -9.085288168464142e-24
