0.00000000000000E+00	4.49994673400740E-01	-2.37917671641020E+00
4.80769230769230E-04	4.49994673400740E-01	-2.37917671641020E+00
4.92644230769230E-04	4.49994603730570E-01	-2.37917678608030E+00
5.04812543269230E-04	4.49994535869170E-01	-2.37917685394170E+00
5.17281413087980E-04	4.49994469779410E-01	-2.37917692003140E+00
5.30058263991250E-04	4.49994405425380E-01	-2.37917698438540E+00
5.43150703111840E-04	4.49994342772380E-01	-2.37917704703840E+00
5.56566525478700E-04	4.49994281786890E-01	-2.37917710802380E+00
5.70313718658020E-04	4.49994222436580E-01	-2.37917716737410E+00
5.84400467508880E-04	4.49994164690310E-01	-2.37917722512030E+00
5.98835159056350E-04	4.49994108518060E-01	-2.37917728129250E+00
6.13626387485040E-04	4.49994053891020E-01	-2.37917733591950E+00
6.28782959255920E-04	4.49994000781500E-01	-2.37917738902900E+00
6.44313898349540E-04	4.49993949162950E-01	-2.37917744064750E+00
6.60228451638770E-04	4.49993899009980E-01	-2.37917749080040E+00
6.76536094394250E-04	4.49993850298320E-01	-2.37917753951190E+00
6.93246535925790E-04	4.49993803004870E-01	-2.37917758680530E+00
7.10369725363160E-04	4.49993757107630E-01	-2.37917763270250E+00
7.27915857579630E-04	4.49993712585770E-01	-2.37917767722420E+00
7.45895379261840E-04	4.49993669419590E-01	-2.37917772039030E+00
7.64318995129610E-04	4.49993627590530E-01	-2.37917776221930E+00
7.83197674309310E-04	4.49993587081200E-01	-2.37917780272850E+00
8.02542656864750E-04	4.49993547875370E-01	-2.37917784193420E+00
8.22365460489310E-04	4.49993509957960E-01	-2.37917787985140E+00
8.42677887363400E-04	4.49993473315090E-01	-2.37917791649410E+00
8.63492031181270E-04	4.49993437934080E-01	-2.37917795187500E+00
8.84820284351450E-04	4.49993403803430E-01	-2.37917798600540E+00
9.06675345374930E-04	4.49993370912890E-01	-2.37917801889570E+00
9.29070226405690E-04	4.49993339253440E-01	-2.37917805055500E+00
9.52018260997910E-04	4.49993308817320E-01	-2.37917808099080E+00
9.75533112044560E-04	4.49993279598050E-01	-2.37917811020980E+00
9.99628779912060E-04	4.49993251590480E-01	-2.37917813821710E+00
1.02431961077590E-03	4.49993224790750E-01	-2.37917816501650E+00
1.04962030516210E-03	4.49993199196410E-01	-2.37917819061050E+00
1.07554592669960E-03	4.49993174806370E-01	-2.37917821500010E+00
1.10211191108900E-03	4.49993151620960E-01	-2.37917823818510E+00
1.12933407529290E-03	4.49993129642010E-01	-2.37917826016350E+00
1.15722862695270E-03	4.49993108872800E-01	-2.37917828093220E+00
1.18581217403840E-03	4.49993089318170E-01	-2.37917830048630E+00
1.21510173473710E-03	4.49993070984570E-01	-2.37917831881920E+00
1.24511474758520E-03	4.49993053880040E-01	-2.37917833592310E+00
1.27586908185050E-03	4.49993038014310E-01	-2.37917835178800E+00
1.30738304817220E-03	4.49993023398860E-01	-2.37917836640260E+00
1.33967540946210E-03	4.49993010046950E-01	-2.37917837975360E+00
1.37276539207580E-03	4.49992997973690E-01	-2.37917839182590E+00
1.40667269726010E-03	4.49992987196100E-01	-2.37917840260240E+00
1.44141751288240E-03	4.49992977733190E-01	-2.37917841206400E+00
1.47702052545060E-03	4.49992969606020E-01	-2.37917842018990E+00
1.51350293242920E-03	4.49992962837780E-01	-2.37917842695660E+00
1.55088645486020E-03	4.49992957453870E-01	-2.37917843233890E+00
1.58919335029530E-03	4.49992953481990E-01	-2.37917843630900E+00
1.62844642604750E-03	4.49992950952230E-01	-2.37917843883680E+00
1.66866905277090E-03	4.49992949897130E-01	-2.37917843988970E+00
1.70988517837440E-03	4.49992950351860E-01	-2.37917843943260E+00
1.75211934228020E-03	4.49992952354230E-01	-2.37917843742760E+00
1.79539669003450E-03	4.49992955944880E-01	-2.37917843383410E+00
1.83974298827840E-03	4.49992961167360E-01	-2.37917842860850E+00
1.88518464008890E-03	4.49992968068260E-01	-2.37917842170410E+00
1.93174870069900E-03	4.49992976697330E-01	-2.37917841307120E+00
1.97946289360630E-03	4.49992987107660E-01	-2.37917840265660E+00
2.02835562707840E-03	4.49992999355770E-01	-2.37917839040390E+00
2.07845601106720E-03	4.49993013501800E-01	-2.37917837625280E+00
2.12979387454060E-03	4.49993029609660E-01	-2.37917836013930E+00
2.18239978324170E-03	4.49993047747210E-01	-2.37917834199560E+00
2.23630505788780E-03	4.49993067986410E-01	-2.37917832174950E+00
2.29154179281760E-03	4.49993090403550E-01	-2.37917829932490E+00
2.34814287510020E-03	4.49993115079420E-01	-2.37917827464080E+00
2.40614200411520E-03	4.49993142099530E-01	-2.37917824761160E+00
2.46557371161690E-03	4.49993171554300E-01	-2.37917821814680E+00
2.52647338229380E-03	4.49993203539340E-01	-2.37917818615070E+00
2.58887727483650E-03	4.49993238155670E-01	-2.37917815152230E+00
2.65282254352490E-03	4.49993275509960E-01	-2.37917811415460E+00
2.71834726035000E-03	4.49993315714800E-01	-2.37917807393500E+00
2.78549043768060E-03	4.49993358889020E-01	-2.37917803074460E+00
2.85429205149130E-03	4.49993405157940E-01	-2.37917798445780E+00
2.92479306516320E-03	4.49993454653710E-01	-2.37917793494240E+00
2.99703545387270E-03	4.49993507515600E-01	-2.37917788205880E+00
3.07106222958340E-03	4.49993563890410E-01	-2.37917782566010E+00
3.14691746665410E-03	4.49993623932760E-01	-2.37917776559140E+00
3.22464632808040E-03	4.49993687805510E-01	-2.37917770168970E+00
3.30429509238400E-03	4.49993755680150E-01	-2.37917763378310E+00
3.38591118116590E-03	4.49993827737240E-01	-2.37917756169080E+00
3.46954318734070E-03	4.49993904166780E-01	-2.37917748522250E+00
3.55524090406800E-03	4.49993985168750E-01	-2.37917740417780E+00
3.64305535439850E-03	4.49994070953580E-01	-2.37917731834590E+00
3.73303882165210E-03	4.49994161742600E-01	-2.37917722750500E+00
3.82524488054690E-03	4.49994257768670E-01	-2.37917713142180E+00
3.91972842909640E-03	4.49994359276670E-01	-2.37917702985080E+00
4.01654572129510E-03	4.49994466524090E-01	-2.37917692253400E+00
4.11575440061110E-03	4.49994579781720E-01	-2.37917680919980E+00
4.21741353430620E-03	4.49994699334220E-01	-2.37917668956300E+00
4.32158364860360E-03	4.49994825480840E-01	-2.37917656332350E+00
4.42832676472410E-03	4.49994958536150E-01	-2.37917643016580E+00
4.53770643581280E-03	4.49995098830780E-01	-2.37917628975830E+00
4.64978778477730E-03	4.49995246712200E-01	-2.37917614175250E+00
4.76463754306130E-03	4.49995402545550E-01	-2.37917598578200E+00
4.88232409037490E-03	4.49995566714550E-01	-2.37917582146190E+00
5.00291749540720E-03	4.49995739622380E-01	-2.37917564838760E+00
5.12648955754380E-03	4.49995921692630E-01	-2.37917546613370E+00
5.25311384961510E-03	4.49996113370360E-01	-2.37917527425370E+00
5.38286576170060E-03	4.49996315123100E-01	-2.37917507227790E+00
5.51582254601460E-03	4.49996527442010E-01	-2.37917485971320E+00
5.65206336290120E-03	4.49996750843010E-01	-2.37917463604130E+00
5.79166932796480E-03	4.49996985868020E-01	-2.37917440071760E+00
5.93472356036550E-03	4.49997233086260E-01	-2.37917415317020E+00
6.08131123230660E-03	4.49997493095560E-01	-2.37917389279800E+00
6.23151961974450E-03	4.49997766523820E-01	-2.37917361896970E+00
6.38543815435220E-03	4.49998054030470E-01	-2.37917333102210E+00
6.54315847676470E-03	4.49998356308020E-01	-2.37917302825860E+00
6.70477449114080E-03	4.49998674083700E-01	-2.37917270994710E+00
6.87038242107200E-03	4.49999008121210E-01	-2.37917237531900E+00
7.04008086687250E-03	4.49999359222470E-01	-2.37917202356660E+00
7.21397086428420E-03	4.49999728229520E-01	-2.37917165384190E+00
7.39215594463200E-03	4.50000116026550E-01	-2.37917126525370E+00
7.57474219646450E-03	4.50000523541900E-01	-2.37917085686610E+00
7.76183832871710E-03	4.50000951750300E-01	-2.37917042769630E+00
7.95355573543640E-03	4.50001401675110E-01	-2.37916997671160E+00
8.15000856210170E-03	4.50001874390780E-01	-2.37916950282750E+00
8.35131377358560E-03	4.50002371025290E-01	-2.37916900490490E+00
8.55759122379320E-03	4.50002892762860E-01	-2.37916848174730E+00
8.76896372702090E-03	4.50003440846640E-01	-2.37916793209810E+00
8.98555713107830E-03	4.50004016581690E-01	-2.37916735463730E+00
9.20750039221590E-03	4.50004621337960E-01	-2.37916674797860E+00
9.43492565190370E-03	4.50005256553490E-01	-2.37916611066570E+00
9.66796831550570E-03	4.50005923737780E-01	-2.37916544116930E+00
9.90676713289870E-03	4.50006624475250E-01	-2.37916473788280E+00
1.01514642810810E-02	4.50007360428950E-01	-2.37916399911900E+00
1.04022054488240E-02	4.50008133344370E-01	-2.37916322310560E+00
1.06591399234100E-02	4.50008945053510E-01	-2.37916240798110E+00
1.09224206795180E-02	4.50009797479070E-01	-2.37916155179030E+00
1.11922044703020E-02	4.50010692638890E-01	-2.37916065247950E+00
1.14686519207190E-02	4.50011632650600E-01	-2.37915970789160E+00
1.17519276231600E-02	4.50012619736430E-01	-2.37915871576060E+00
1.20422002354530E-02	4.50013656228350E-01	-2.37915767370670E+00
1.23396425812680E-02	4.50014744573360E-01	-2.37915657922970E+00
1.26444317530260E-02	4.50015887339050E-01	-2.37915542970380E+00
1.29567492173250E-02	4.50017087219500E-01	-2.37915422237050E+00
1.32767809229930E-02	4.50018347041300E-01	-2.37915295433210E+00
1.36047174117910E-02	4.50019669770000E-01	-2.37915162254490E+00
1.39407539318620E-02	4.50021058516790E-01	-2.37915022381130E+00
1.42850905539790E-02	4.50022516545460E-01	-2.37914875477250E+00
1.46379322906630E-02	4.50024047279760E-01	-2.37914721189980E+00
1.49994892182420E-02	4.50025654311010E-01	-2.37914559148620E+00
1.53699766019330E-02	4.50027341406110E-01	-2.37914388963750E+00
1.57496150240000E-02	4.50029112515890E-01	-2.37914210226210E+00
1.61386305150930E-02	4.50030971783850E-01	-2.37914022506160E+00
1.65372546888160E-02	4.50032923555270E-01	-2.37913825351990E+00
1.69457248796300E-02	4.50034972386730E-01	-2.37913618289210E+00
1.73642842841570E-02	4.50037123056040E-01	-2.37913400819270E+00
1.77931821059750E-02	4.50039380572650E-01	-2.37913172418340E+00
1.82326737039930E-02	4.50041750188410E-01	-2.37912932535970E+00
1.86830207444810E-02	4.50044237408930E-01	-2.37912680593800E+00
1.91444913568700E-02	4.50046848005270E-01	-2.37912415984030E+00
1.96173602933850E-02	4.50049588026230E-01	-2.37912138067960E+00
2.01019090926310E-02	4.50052463811130E-01	-2.37911846174360E+00
2.05984262472190E-02	4.50055482003080E-01	-2.37911539597830E+00
2.11072073755260E-02	4.50058649562780E-01	-2.37911217596950E+00
2.16285553977010E-02	4.50061973782940E-01	-2.37910879392490E+00
2.21627807160240E-02	4.50065462303220E-01	-2.37910524165400E+00
2.27102013997100E-02	4.50069123125720E-01	-2.37910151054730E+00
2.32711433742830E-02	4.50072964631120E-01	-2.37909759155450E+00
2.38459406156280E-02	4.50076995595340E-01	-2.37909347516150E+00
2.44349353488340E-02	4.50081225206940E-01	-2.37908915136590E+00
2.50384782519500E-02	4.50085663084960E-01	-2.37908460965130E+00
2.56569286647730E-02	4.50090319297520E-01	-2.37907983896050E+00
2.62906548027930E-02	4.50095204381000E-01	-2.37907482766650E+00
2.69400339764220E-02	4.50100329359820E-01	-2.37906956354270E+00
2.76054528156400E-02	4.50105705766830E-01	-2.37906403373060E+00
2.82873075001860E-02	4.50111345664420E-01	-2.37905822470670E+00
2.89860039954410E-02	4.50117261666040E-01	-2.37905212224640E+00
2.97019582941280E-02	4.50123466958510E-01	-2.37904571138690E+00
3.04355966639930E-02	4.50129975324760E-01	-2.37903897638720E+00
3.11873559015940E-02	4.50136801167140E-01	-2.37903190068650E+00
3.19576835923630E-02	4.50143959531250E-01	-2.37902446685930E+00
3.27470383770940E-02	4.50151466130210E-01	-2.37901665656920E+00
3.35558902250090E-02	4.50159337369330E-01	-2.37900845051850E+00
3.43847207135660E-02	4.50167590371180E-01	-2.37899982839610E+00
3.52340233151910E-02	4.50176243000810E-01	-2.37899076882210E+00
3.61043036910770E-02	4.50185313891320E-01	-2.37898124928820E+00
3.69960799922460E-02	4.50194822469330E-01	-2.37897124609590E+00
3.79098831680550E-02	4.50204788980590E-01	-2.37896073429000E+00
3.88462572823060E-02	4.50215234515260E-01	-2.37894968758860E+00
3.98057598371790E-02	4.50226181033000E-01	-2.37893807830870E+00
4.07889621051570E-02	4.50237651387420E-01	-2.37892587728750E+00
4.17964494691540E-02	4.50249669349960E-01	-2.37891305379810E+00
4.28288217710420E-02	4.50262259632680E-01	-2.37889957546110E+00
4.38866936687870E-02	4.50275447909960E-01	-2.37888540814960E+00
4.49706950024060E-02	4.50289260838600E-01	-2.37887051588930E+00
4.60814711689660E-02	4.50303726076120E-01	-2.37885486075130E+00
4.72196835068390E-02	4.50318872296770E-01	-2.37883840273880E+00
4.83860096894580E-02	4.50334729204970E-01	-2.37882109966590E+00
4.95811441287880E-02	4.50351327545430E-01	-2.37880290702930E+00
5.08057983887690E-02	4.50368699109760E-01	-2.37878377787080E+00
5.20607016089710E-02	4.50386876738550E-01	-2.37876366263170E+00
5.33466009387130E-02	4.50405894318630E-01	-2.37874250899660E+00
5.46642619818990E-02	4.50425786774410E-01	-2.37872026172740E+00
5.60144692528520E-02	4.50446590052630E-01	-2.37869686248590E+00
5.73980266433970E-02	4.50468341099510E-01	-2.37867224964480E+00
5.88157579014890E-02	4.50491077829150E-01	-2.37864635808460E+00
6.02685071216560E-02	4.50514839082150E-01	-2.37861911897810E+00
6.17571392475610E-02	4.50539664572840E-01	-2.37859045955890E+00
6.32825405869760E-02	4.50565594823950E-01	-2.37856030287350E+00
6.48456193394740E-02	4.50592671086790E-01	-2.37852856751670E+00
6.64473061371590E-02	4.50620935245230E-01	-2.37849516734790E+00
6.80885545987470E-02	4.50650429701400E-01	-2.37846001118650E+00
6.97703418973360E-02	4.50681197240850E-01	-2.37842300248580E+00
7.14936693422000E-02	4.50713280874550E-01	-2.37838403898310E+00
7.32595629749520E-02	4.50746723655040E-01	-2.37834301232400E+00
7.50690741804340E-02	4.50781568463510E-01	-2.37829980765870E+00
7.69232803126900E-02	4.50817857764450E-01	-2.37825430320850E+00
7.88232853364140E-02	4.50855633323900E-01	-2.37820636979940E+00
8.07702204842230E-02	4.50894935887240E-01	-2.37815587036070E+00
8.27652449301830E-02	4.50935804811650E-01	-2.37810265938520E+00
8.48095464799590E-02	4.50978277648100E-01	-2.37804658234760E+00
8.69043422780140E-02	4.51022389667210E-01	-2.37798747507860E+00
8.90508795322810E-02	4.51068173322420E-01	-2.37792516308960E+00
9.12504362567280E-02	4.51115657643630E-01	-2.37785946084470E+00
9.35043220322690E-02	4.51164867553370E-01	-2.37779017097550E+00
9.58138787864670E-02	4.51215823097070E-01	-2.37771708343300E+00
9.81804815924920E-02	4.51268538577730E-01	-2.37763997457190E+00
1.00605539487830E-01	4.51323021584750E-01	-2.37755860616190E+00
1.03090496313180E-01	4.51379271905150E-01	-2.37747272431790E+00
1.05636831572110E-01	4.51437280304550E-01	-2.37738205834440E+00
1.08246061311940E-01	4.51497027163790E-01	-2.37728631948500E+00
1.10919739026350E-01	4.51558480955620E-01	-2.37718519956890E+00
1.13659456580300E-01	4.51621596544460E-01	-2.37707836954620E+00
1.16466845157830E-01	4.51686313290290E-01	-2.37696547790200E+00
1.19343576233230E-01	4.51752552935910E-01	-2.37684614893770E+00
1.22291362566190E-01	4.51820217254780E-01	-2.37671998090960E+00
1.25311959221580E-01	4.51889185434120E-01	-2.37658654401110E+00
1.28407164614350E-01	4.51959311165690E-01	-2.37644537818490E+00
1.31578821580320E-01	4.52030419413740E-01	-2.37629599075100E+00
1.34828818473360E-01	4.52102302826540E-01	-2.37613785383340E+00
1.38159090289650E-01	4.52174717754720E-01	-2.37597040156980E+00
1.41571619819800E-01	4.52247379835880E-01	-2.37579302708220E+00
1.45068438829350E-01	4.52319959100990E-01	-2.37560507919140E+00
1.48651629268440E-01	4.52392074553710E-01	-2.37540585884990E+00
1.52323324511370E-01	4.52463288169070E-01	-2.37519461527170E+00
1.56085710626800E-01	4.52533098252610E-01	-2.37497054172980E+00
1.59941027679280E-01	4.52600932095500E-01	-2.37473277099640E+00
1.63891571062960E-01	4.52666137854950E-01	-2.37448037039220E+00
1.67939692868210E-01	4.52727975582350E-01	-2.37421233641360E+00
1.72087803282060E-01	4.52785607314440E-01	-2.37392758890130E+00
1.76338372023130E-01	4.52838086134490E-01	-2.37362496471240E+00
1.80693929812100E-01	4.52884344102120E-01	-2.37330321085430E+00
1.85157069878460E-01	4.52923178940630E-01	-2.37296097703580E+00
1.89730449504450E-01	4.52953239360630E-01	-2.37259680758960E+00
1.94416791607210E-01	4.52973008887590E-01	-2.37220913271250E+00
1.99218886359910E-01	4.52980788049030E-01	-2.37179625897170E+00
2.04139592853000E-01	4.52974674763800E-01	-2.37135635901800E+00
2.09181840796470E-01	4.52952542762390E-01	-2.37088746044450E+00
2.14348632264140E-01	4.52912017851610E-01	-2.37038743372560E+00
2.19643043481070E-01	4.52850451821280E-01	-2.36985397916850E+00
2.25068226655050E-01	4.52764893772880E-01	-2.36928461280320E+00
2.30627411853430E-01	4.52652058631820E-01	-2.36867665113590E+00
2.36323908926210E-01	4.52508292585160E-01	-2.36802719468690E+00
2.42161109476690E-01	4.52329535165480E-01	-2.36733311022930E+00
2.48142488880760E-01	4.52111277679780E-01	-2.36659101164540E+00
2.54271608356120E-01	4.51848517658310E-01	-2.36579723931260E+00
2.60552117082510E-01	4.51535708974380E-01	-2.36494783793040E+00
2.66987754374450E-01	4.51166707259840E-01	-2.36403853270120E+00
2.73582351907500E-01	4.50734710215100E-01	-2.36306470377560E+00
2.80339835999610E-01	4.50232192384900E-01	-2.36202135887710E+00
2.87264229948800E-01	4.49650833943600E-01	-2.36090310402470E+00
2.94359656428540E-01	4.48981443005780E-01	-2.35970411227750E+00
3.01630339942330E-01	4.48213870950860E-01	-2.35841809043520E+00
3.09080609338900E-01	4.47336920223520E-01	-2.35703824363840E+00
3.16714900389570E-01	4.46338244047170E-01	-2.35555723783030E+00
3.24537758429190E-01	4.45204237465310E-01	-2.35396716006000E+00
3.32553841062390E-01	4.43919919106800E-01	-2.35225947663250E+00
3.40767920936640E-01	4.42468803057580E-01	-2.35042498914220E+00
3.49184888583770E-01	4.40832760214450E-01	-2.34845378846390E+00
3.57809755331790E-01	4.38991868498160E-01	-2.34633520682220E+00
3.66647656288490E-01	4.36924251316040E-01	-2.34405776811360E+00
3.75703853398810E-01	4.34605903691720E-01	-2.34160913672480E+00
3.84983738577760E-01	4.32010505524130E-01	-2.33897606516480E+00
3.94492836920630E-01	4.29109221504830E-01	-2.33614434092400E+00
4.04236809992570E-01	4.25870487316310E-01	-2.33309873307810E+00
4.14221459199390E-01	4.22259781861160E-01	-2.32982293928190E+00
4.24452729241610E-01	4.18239385437920E-01	-2.32629953394110E+00
4.34936711653880E-01	4.13768123995250E-01	-2.32250991851970E+00
4.45679648431730E-01	4.08801099868540E-01	-2.31843427512630E+00
4.56687935748000E-01	4.03289409745230E-01	-2.31405152474670E+00
4.67968127760970E-01	3.97179851029920E-01	-2.30933929172980E+00
4.79526940516670E-01	3.90414618301290E-01	-2.30427387641520E+00
4.91371255947430E-01	3.82930992189290E-01	-2.29883023809890E+00
5.03508125969330E-01	3.74661023770340E-01	-2.29298199088070E+00
5.15944776680770E-01	3.65531218503550E-01	-2.28670141531390E+00
5.28688612664790E-01	3.55462224836160E-01	-2.27995948920050E+00
5.41747221397610E-01	3.44368533917820E-01	-2.27272594132540E+00
5.55128377766130E-01	3.32158198410920E-01	-2.26496933241270E+00
5.68840048696950E-01	3.18732580197610E-01	-2.25665716810830E+00
5.82890397899770E-01	3.03986138896110E-01	-2.24775604933660E+00
5.97287790727890E-01	2.87806275540980E-01	-2.23823186594600E+00
6.12040799158870E-01	2.70073248584720E-01	-2.22805004012670E+00
6.27158206898090E-01	2.50660182567850E-01	-2.21717582665080E+00
6.42649014608480E-01	2.29433193401410E-01	-2.20557467751550E+00
6.58522445269310E-01	2.06251658217630E-01	-2.19321267905580E+00
6.74787949667460E-01	1.80968662164580E-01	-2.18005706998540E+00
6.91455212024240E-01	1.53431659315870E-01	-2.16607684909010E+00
7.08534155761240E-01	1.23483389974180E-01	-2.15124348138720E+00
7.26034949408540E-01	9.09631019586230E-02	-2.13553171140770E+00
7.43968012658940E-01	5.57081288158270E-02	-2.11892049178320E+00
7.62344022571610E-01	1.75558830429490E-02	-2.10139403443530E+00
7.81173919929130E-01	-2.36536729751620E-02	-2.08294299025370E+00
8.00468915751380E-01	-6.80750119820200E-02	-2.06356576108810E+00
8.20240497970440E-01	-1.15853414429080E-01	-2.04326994499590E+00
8.40500438270310E-01	-1.67120660502020E-01	-2.02207391181210E+00
8.61260799095590E-01	-2.21989977029550E-01	-2.00000850100860E+00
8.82533940833250E-01	-2.80550182710520E-01	-1.97711882723050E+00
9.04332529171830E-01	-3.42858988943190E-01	-1.95346617055020E+00
9.26669542642370E-01	-4.08935434879500E-01	-1.92912991799910E+00
9.49558280345640E-01	-4.78751466025570E-01	-1.90420950994890E+00
9.73012369870180E-01	-5.52222707820750E-01	-1.87882632895360E+00
9.97045775405970E-01	-6.29198541306760E-01	-1.85312544925120E+00
1.02167280605850E+00	-7.09451659360160E-01	-1.82727714172460E+00
1.04690812436810E+00	-7.92667370871730E-01	-1.80147800121270E+00
1.07276675504000E+00	-8.78433028021280E-01	-1.77595153015080E+00
1.09926409388950E+00	-9.66228078755460E-01	-1.75094797426700E+00
1.12641591700860E+00	-1.05541539156340E+00	-1.72674316239860E+00
1.15423839015870E+00	-1.14523465932980E+00	-1.70363605386190E+00
1.18274807839560E+00	-1.23479885716700E+00	-1.68194464452700E+00
1.21196195593200E+00	-1.32309489564170E+00	-1.66199982945960E+00
1.24189741624350E+00	-1.40898976108540E+00	-1.64413677045370E+00
1.27257228242470E+00	-1.49124354874020E+00	-1.62868327877890E+00
1.30400481780060E+00	-1.56853084671580E+00	-1.61594470916960E+00
1.33621373680030E+00	-1.63947188793990E+00	-1.60618488866670E+00
1.36921821609930E+00	-1.70267471775920E+00	-1.59960269957360E+00
1.40303790603690E+00	-1.75678928836970E+00	-1.59630413597920E+00
1.43769294231600E+00	-1.80057385021950E+00	-1.59627000709950E+00
1.47320395799120E+00	-1.83297323202980E+00	-1.59932003178270E+00
1.50959209575360E+00	-1.85320756084610E+00	-1.60507493642490E+00
1.54687902051870E+00	-1.86086865789540E+00	-1.61291942822500E+00
1.58508693232550E+00	-1.85601974832960E+00	-1.62197067527070E+00
1.62423857955400E+00	-1.83929222891210E+00	-1.63105930106850E+00
1.66435727246900E+00	-1.81197099257380E+00	-1.63873301420470E+00
1.70546689709900E+00	-1.77605705798670E+00	-1.64329696746920E+00
1.74759192945730E+00	-1.73429265083360E+00	-1.64290991667540E+00
1.79075745011490E+00	-1.69012877885650E+00	-1.63576143686660E+00
1.83498915913270E+00	-1.64685831502810E+00	-1.62036321574490E+00
1.88031339136330E+00	-1.60508148250370E+00	-1.59599699436510E+00
1.92675713213000E+00	-1.56469140034610E+00	-1.56337518004510E+00
1.97434803329360E+00	-1.52559237818410E+00	-1.52559237818410E+00
2.02311442971590E+00	-1.48769912983470E+00	-1.48769912983470E+00
2.07308535612990E+00	-1.45093631784040E+00	-1.45093631784040E+00
2.12429056442630E+00	-1.41523766318490E+00	-1.41523766318490E+00
2.17676054136770E+00	-1.38054481874760E+00	-1.38054481874760E+00
2.23052652673940E+00	-1.34680631294460E+00	-1.34680631294460E+00
2.28562053194990E+00	-1.31397659348320E+00	-1.31397659348320E+00
2.34207535908910E+00	-1.28201517650490E+00	-1.28201517650490E+00
2.39992462045860E+00	-1.25088589977990E+00	-1.25088589977990E+00
2.45920275858390E+00	-1.22055627444920E+00	-1.22055627444920E+00
2.51994506672090E+00	-1.19099692741790E+00	-1.19099692741790E+00
2.58218770986890E+00	-1.16218112537540E+00	-1.16218112537540E+00
2.64596774630270E+00	-1.13408437112490E+00	-1.13408437112490E+00
2.71132314963640E+00	-1.10668406315220E+00	-1.10668406315220E+00
2.77829283143240E+00	-1.07995920993100E+00	-1.07995920993100E+00
2.84691666436880E+00	-1.05389019119680E+00	-1.05389019119680E+00
2.91723550597870E+00	-1.02845855923140E+00	-1.02845855923140E+00
2.98929122297630E+00	-1.00364687400860E+00	-1.00364687400860E+00
3.06312671618390E+00	-9.79438566834500E-01	-9.79438566834500E-01
3.13878594607360E+00	-9.55817827838080E-01	-9.55817827838080E-01
3.21631395894160E+00	-9.32769513326360E-01	-9.32769513326360E-01
3.29575691372750E+00	-9.10279069605410E-01	-9.10279069605410E-01
3.37716210949650E+00	-8.88332470388410E-01	-8.88332470388410E-01
3.46057801360110E+00	-8.66916165364740E-01	-8.66916165364740E-01
3.54605429053710E+00	-8.46017037897230E-01	-8.46017037897230E-01
3.63364183151330E+00	-8.25622370153000E-01	-8.25622370153000E-01
3.72339278475170E+00	-8.05719814262040E-01	-8.05719814262040E-01
3.81536058653510E+00	-7.86297368343830E-01	-7.86297368343830E-01
3.90959999302250E+00	-7.67343356449620E-01	-7.67343356449620E-01
4.00616711285010E+00	-7.48846411642790E-01	-7.48846411642790E-01
4.10511944053750E+00	-7.30795461585650E-01	-7.30795461585650E-01
4.20651589071880E+00	-7.13179716122180E-01	-7.13179716122180E-01
4.31041683321960E+00	-6.95988656446950E-01	-6.95988656446950E-01
4.41688412900010E+00	-6.79212025532590E-01	-6.79212025532590E-01
4.52598116698640E+00	-6.62839819555910E-01	-6.62839819555910E-01
4.63777290181100E+00	-6.46862280117460E-01	-6.46862280117460E-01
4.75232589248570E+00	-6.31269887093440E-01	-6.31269887093440E-01
4.86970834203010E+00	-6.16053351994610E-01	-6.16053351994610E-01
4.98999013807820E+00	-6.01203611734830E-01	-6.01203611734830E-01
5.11324289448880E+00	-5.86711822734290E-01	-5.86711822734290E-01
5.23953999398260E+00	-5.72569355300120E-01	-5.72569355300120E-01
5.36895663183400E+00	-5.58767788240500E-01	-5.58767788240500E-01
5.50156986064030E+00	-5.45298903679050E-01	-5.45298903679050E-01
5.63745863619810E+00	-5.32154682044340E-01	-5.32154682044340E-01
5.77670386451220E+00	-5.19327297215410E-01	-5.19327297215410E-01
5.91938844996570E+00	-5.06809111808760E-01	-5.06809111808760E-01
6.06559734467980E+00	-4.94592672595870E-01	-4.94592672595870E-01
6.21541759909340E+00	-4.82670706042520E-01	-4.82670706042520E-01
6.36893841379100E+00	-4.71036113963390E-01	-4.71036113963390E-01
6.52625119261170E+00	-4.59681969286380E-01	-4.59681969286380E-01
6.68744959706920E+00	-4.48601511922410E-01	-4.48601511922410E-01
6.85262960211680E+00	-4.37788144736930E-01	-4.37788144736930E-01
7.02188955328910E+00	-4.27235429619770E-01	-4.27235429619770E-01
7.19533022525530E+00	-4.16937083650700E-01	-4.16937083650700E-01
7.37305488181910E+00	-4.06886975357880E-01	-4.06886975357880E-01
7.55516933740000E+00	-3.97079121066780E-01	-3.97079121066780E-01
7.74178202003380E+00	-3.87507681337380E-01	-3.87507681337380E-01
7.93300403592860E+00	-3.78166957487260E-01	-3.78166957487260E-01
8.12894923561610E+00	-3.69051388198670E-01	-3.69051388198670E-01
8.32973428173580E+00	-3.60155546207310E-01	-3.60155546207310E-01
8.53547871849470E+00	-3.51474135071040E-01	-3.51474135071040E-01
8.74630504284150E+00	-3.43001986016430E-01	-3.43001986016430E-01
8.96233877739970E+00	-3.34734054861350E-01	-3.34734054861350E-01
9.18370854520140E+00	-3.26665419011760E-01	-3.26665419011760E-01
9.41054614626790E+00	-3.18791274530850E-01	-3.18791274530850E-01
9.64298663608070E+00	-3.11106933278860E-01	-3.11106933278860E-01
9.88116840599190E+00	-3.03607820121850E-01	-3.03607820121850E-01
1.01252332656200E+01	-2.96289470207720E-01	-2.96289470207720E-01
1.03753265272810E+01	-2.89147526307920E-01	-2.89147526307920E-01
1.06315970925050E+01	-2.82177736223210E-01	-2.82177736223210E-01
1.08941975406890E+01	-2.75375950251980E-01	-2.75375950251980E-01
1.11632842199440E+01	-2.68738118719610E-01	-2.68738118719610E-01
1.14390173401770E+01	-2.62260289567300E-01	-2.62260289567300E-01
1.17215610684790E+01	-2.55938605999120E-01	-2.55938605999120E-01
1.20110836268710E+01	-2.49769304185740E-01	-2.49769304185740E-01
1.23077573924550E+01	-2.43748711023460E-01	-2.43748711023460E-01
1.26117590000480E+01	-2.37873241947360E-01	-2.37873241947360E-01
1.29232694473490E+01	-2.32139398797070E-01	-2.32139398797070E-01
1.32424742026990E+01	-2.26543767734040E-01	-2.26543767734040E-01
1.35695633155060E+01	-2.21083017208980E-01	-2.21083017208980E-01
1.39047315293990E+01	-2.15753895978320E-01	-2.15753895978320E-01
1.42481783981750E+01	-2.10553231168460E-01	-2.10553231168460E-01
1.46001084046100E+01	-2.05477926386700E-01	-2.05477926386700E-01
1.49607310822040E+01	-2.00524959877720E-01	-2.00524959877720E-01
1.53302611399340E+01	-1.95691382724430E-01	-1.95691382724430E-01
1.57089185900900E+01	-1.90974317092250E-01	-1.90974317092250E-01
1.60969288792660E+01	-1.86370954515710E-01	-1.86370954515710E-01
1.64945230225830E+01	-1.81878554226320E-01	-1.81878554226320E-01
1.69019377412410E+01	-1.77494441520760E-01	-1.77494441520760E-01
1.73194156034500E+01	-1.73216006168400E-01	-1.73216006168400E-01
1.77472051688550E+01	-1.69040700857220E-01	-1.69040700857220E-01
1.81855611365260E+01	-1.64966039677200E-01	-1.64966039677200E-01
1.86347444965980E+01	-1.60989596640180E-01	-1.60989596640180E-01
1.90950226856640E+01	-1.57109004235570E-01	-1.57109004235570E-01
1.95666697460000E+01	-1.53321952020650E-01	-1.53321952020650E-01
2.00499664887260E+01	-1.49626185245100E-01	-1.49626185245100E-01
2.05452006609980E+01	-1.46019503508440E-01	-1.46019503508440E-01
2.10526671173240E+01	-1.42499759450020E-01	-1.42499759450020E-01
2.15726679951220E+01	-1.39064857470500E-01	-1.39064857470500E-01
2.21055128946020E+01	-1.35712752484140E-01	-1.35712752484140E-01
2.26515190630980E+01	-1.32441448701220E-01	-1.32441448701220E-01
2.32110115839570E+01	-1.29248998439760E-01	-1.29248998439760E-01
2.37843235700810E+01	-1.26133500965900E-01	-1.26133500965900E-01
2.43717963622620E+01	-1.23093101362250E-01	-1.23093101362250E-01
2.49737797324090E+01	-1.20125989423490E-01	-1.20125989423490E-01
2.55906320918000E+01	-1.17230398578600E-01	-1.17230398578600E-01
2.62227207044670E+01	-1.14404604839080E-01	-1.14404604839080E-01
2.68704219058680E+01	-1.11646925772500E-01	-1.11646925772500E-01
2.75341213269430E+01	-1.08955719500830E-01	-1.08955719500830E-01
2.82142141237180E+01	-1.06329383722870E-01	-1.06329383722870E-01
2.89111052125740E+01	-1.03766354760290E-01	-1.03766354760290E-01
2.96252095113250E+01	-1.01265106626610E-01	-1.01265106626610E-01
3.03569521862540E+01	-9.88241501186820E-02	-9.88241501186820E-02
3.11067689052550E+01	-9.64420319300100E-02	-9.64420319300100E-02
3.18751060972150E+01	-9.41173337855080E-02	-9.41173337855080E-02
3.26624212178160E+01	-9.18486715970610E-02	-9.18486715970610E-02
3.34691830218960E+01	-8.96346946394660E-02	-8.96346946394660E-02
3.42958718425370E+01	-8.74740847462340E-02	-8.74740847462340E-02
3.51429798770470E+01	-8.53655555247720E-02	-8.53655555247720E-02
3.60110114800100E+01	-8.33078515904870E-02	-8.33078515904870E-02
3.69004834635670E+01	-8.12997478193490E-02	-8.12997478193490E-02
3.78119254051170E+01	-7.93400486184730E-02	-7.93400486184730E-02
3.87458799626230E+01	-7.74275872142800E-02	-7.74275872142800E-02
3.97029031977000E+01	-7.55612249578220E-02	-7.55612249578220E-02
4.06835649066830E+01	-7.37398506468450E-02	-7.37398506468450E-02
4.16884489598780E+01	-7.19623798641990E-02	-7.19623798641990E-02
4.27181536491870E+01	-7.02277543321940E-02	-7.02277543321940E-02
4.37732920443220E+01	-6.85349412825160E-02	-6.85349412825160E-02
4.48544923578170E+01	-6.68829328413350E-02	-6.68829328413350E-02
4.59623983190550E+01	-6.52707454292330E-02	-6.52707454292330E-02
4.70976695575360E+01	-6.36974191755960E-02	-6.36974191755960E-02
4.82609819956070E+01	-6.21620173471220E-02	-6.21620173471220E-02
4.94530282508980E+01	-6.06636257901060E-02	-6.06636257901060E-02
5.06745180486950E+01	-5.92013523861680E-02	-5.92013523861680E-02
5.19261786444980E+01	-5.77743265210970E-02	-5.77743265210970E-02
5.32087552570170E+01	-5.63816985665040E-02	-5.63816985665040E-02
5.45230115118660E+01	-5.50226393739670E-02	-5.50226393739670E-02
5.58697298962090E+01	-5.36963397813670E-02	-5.36963397813670E-02
5.72497122246450E+01	-5.24020101311280E-02	-5.24020101311280E-02
5.86637801165940E+01	-5.11388798000670E-02	-5.11388798000670E-02
6.01127754854740E+01	-4.99061967405750E-02	-4.99061967405750E-02
6.15975610399650E+01	-4.87032270328630E-02	-4.87032270328630E-02
6.31190207976520E+01	-4.75292544479970E-02	-4.75292544479970E-02
6.46780606113540E+01	-4.63835800214670E-02	-4.63835800214670E-02
6.62756087084540E+01	-4.52655216370320E-02	-4.52655216370320E-02
6.79126162435530E+01	-4.41744136206040E-02	-4.41744136206040E-02
6.95900578647690E+01	-4.31096063439090E-02	-4.31096063439090E-02
7.13089322940290E+01	-4.20704658377170E-02	-4.20704658377170E-02
7.30702629216910E+01	-4.10563734143820E-02	-4.10563734143820E-02
7.48750984158570E+01	-4.00667252994850E-02	-4.00667252994850E-02
7.67245133467290E+01	-3.91009322723580E-02	-3.91009322723580E-02
7.86196088263930E+01	-3.81584193152700E-02	-3.81584193152700E-02
