0.00000000000000E+00	1.91629627291636E-01	1.24649206071256E-04	9.70892485455195E-08
4.80769230769230E-04	1.91629627291636E-01	1.24649206071256E-04	9.70892485455195E-08
4.92644230769230E-04	1.91629627291635E-01	1.27728041461218E-04	1.01944690603314E-07
5.04812543269230E-04	1.91629627291635E-01	1.30882924085308E-04	1.07042953755408E-07
5.17281413087980E-04	1.91629627291635E-01	1.34115732310216E-04	1.12396181506582E-07
5.30058263991250E-04	1.91629627376580E-01	1.37428391838389E-04	1.18017130718937E-07
5.43150703111840E-04	1.91629627592028E-01	1.40822874025759E-04	1.23919184275089E-07
5.56566525478700E-04	1.91629627919155E-01	1.44301199892090E-04	1.30116400186300E-07
5.70313718658020E-04	1.91629628365302E-01	1.47865440374809E-04	1.36623539566646E-07
5.84400467508880E-04	1.91629628933944E-01	1.51517717563428E-04	1.43456101724303E-07
5.98835159056350E-04	1.91629629628730E-01	1.55260205962855E-04	1.50630361088483E-07
6.13626387485040E-04	1.91629630453558E-01	1.59095133787983E-04	1.58163405973070E-07
6.28782959255920E-04	1.91629631412591E-01	1.63024784290327E-04	1.66073179279050E-07
6.44313898349540E-04	1.91629632510236E-01	1.67051497117448E-04	1.74378521232345E-07
6.60228451638770E-04	1.91629633751186E-01	1.71177669705826E-04	1.83099214259008E-07
6.76536094394250E-04	1.91629635140442E-01	1.75405758708310E-04	1.92256030104586E-07
6.93246535925790E-04	1.91629636683278E-01	1.79738281456726E-04	2.01870779309903E-07
7.10369725363160E-04	1.91629638385304E-01	1.84177817460582E-04	2.11966363161144E-07
7.27915857579630E-04	1.91629640252453E-01	1.88727009942865E-04	2.22566828237874E-07
7.45895379261840E-04	1.91629642290992E-01	1.93388567413733E-04	2.33697423689065E-07
7.64318995129610E-04	1.91629644507557E-01	1.98165265283046E-04	2.45384661373417E-07
7.83197674309310E-04	1.91629646909188E-01	2.03059947512806E-04	2.57656379007267E-07
8.02542656864750E-04	1.91629649503276E-01	2.08075528310307E-04	2.70541806470545E-07
8.22365460489310E-04	1.91629652297670E-01	2.13214993863181E-04	2.84071635428598E-07
8.42677887363400E-04	1.91629655300616E-01	2.18481404117281E-04	2.98278092435782E-07
8.63492031181270E-04	1.91629658520848E-01	2.23877894598436E-04	3.13195015694948E-07
8.84820284351450E-04	1.91629661967550E-01	2.29407678279225E-04	3.28857935655590E-07
9.06675345374930E-04	1.91629665650434E-01	2.35074047491888E-04	3.45304159642684E-07
9.29070226405690E-04	1.91629669579711E-01	2.40880375888418E-04	3.62572860717708E-07
9.52018260997910E-04	1.91629673766164E-01	2.46830120449145E-04	3.80705170983591E-07
9.75533112044560E-04	1.91629678221123E-01	2.52926823540798E-04	3.99744279555738E-07
9.99628779912060E-04	1.91629682956549E-01	2.59174115025552E-04	4.19735535432545E-07
1.02431961077590E-03	1.91629687985027E-01	2.65575714422064E-04	4.40726555510277E-07
1.04962030516210E-03	1.91629693319802E-01	2.72135433119862E-04	4.62767337999816E-07
1.07554592669960E-03	1.91629698974822E-01	2.78857176648551E-04	4.85910381515207E-07
1.10211191108900E-03	1.91629704964776E-01	2.85744947002908E-04	5.10210810117632E-07
1.12933407529290E-03	1.91629711305073E-01	2.92802845025426E-04	5.35726504612699E-07
1.15722862695270E-03	1.91629718011974E-01	3.00035072847849E-04	5.62518240413972E-07
1.18581217403840E-03	1.91629725102587E-01	3.07445936392878E-04	5.90649832300726E-07
1.21510173473710E-03	1.91629732594859E-01	3.15039847937559E-04	6.20188286414691E-07
1.24511474758520E-03	1.91629740507690E-01	3.22821328740157E-04	6.51203959858164E-07
1.27586908185050E-03	1.91629748860988E-01	3.30795011731983E-04	6.83770728273650E-07
1.30738304817220E-03	1.91629757675618E-01	3.38965644275288E-04	7.17966161803091E-07
1.33967540946210E-03	1.91629766973552E-01	3.47338090989715E-04	7.53871709847468E-07
1.37276539207580E-03	1.91629776777899E-01	3.55917336648338E-04	7.91572895065378E-07
1.40667269726010E-03	1.91629787112927E-01	3.64708489145183E-04	8.31159517073157E-07
1.44141751288240E-03	1.91629798004158E-01	3.73716782536185E-04	8.72725866332132E-07
1.47702052545060E-03	1.91629809478397E-01	3.82947580155045E-04	9.16370948731117E-07
1.51350293242920E-03	1.91629821563829E-01	3.92406377806230E-04	9.62198721400709E-07
1.55088645486020E-03	1.91629834290067E-01	4.02098807036659E-04	1.01031834031947E-06
1.58919335029530E-03	1.91629847688226E-01	4.12030638488260E-04	1.06084442030287E-06
1.62844642604750E-03	1.91629861791024E-01	4.22207785333391E-04	1.11389730799335E-06
1.66866905277090E-03	1.91629876632783E-01	4.32636306794776E-04	1.16960336850141E-06
1.70988517837440E-03	1.91629892249597E-01	4.43322411752814E-04	1.22809528638238E-06
1.75211934228020E-03	1.91629908679414E-01	4.54272462441632E-04	1.28951238166263E-06
1.79539669003450E-03	1.91629925962050E-01	4.65492978236437E-04	1.35400094166966E-06
1.83974298827840E-03	1.91629944139339E-01	4.76990639534491E-04	1.42171456945675E-06
1.88518464008890E-03	1.91629963255262E-01	4.88772291731917E-04	1.49281454965069E-06
1.93174870069900E-03	1.91629983355998E-01	5.00844949298565E-04	1.56747023259394E-06
1.97946289360630E-03	1.91630004490023E-01	5.13215799953486E-04	1.64585943769652E-06
2.02835562707840E-03	1.91630026708308E-01	5.25892208943777E-04	1.72816887695883E-06
2.07845601106720E-03	1.91630050064366E-01	5.38881723428684E-04	1.81459459967203E-06
2.12979387454060E-03	1.91630074614392E-01	5.52192076972133E-04	1.90534245935636E-06
2.18239978324170E-03	1.91630100417433E-01	5.65831194146219E-04	2.00062860404942E-06
2.23630505788780E-03	1.91630127535481E-01	5.79807195248294E-04	2.10067999111085E-06
2.29154179281760E-03	1.91630156033660E-01	5.94128401134410E-04	2.20573492777032E-06
2.34814287510020E-03	1.91630185980365E-01	6.08803338172128E-04	2.31604363870522E-06
2.40614200411520E-03	1.91630217447413E-01	6.23840743315802E-04	2.43186886200015E-06
2.46557371161690E-03	1.91630250510245E-01	6.39249569306690E-04	2.55348647490680E-06
2.52647338229380E-03	1.91630285248091E-01	6.55038990002052E-04	2.68118615089417E-06
2.58887727483650E-03	1.91630321744132E-01	6.71218405835033E-04	2.81527204955380E-06
2.65282254352490E-03	1.91630360085757E-01	6.87797449410009E-04	2.95606354100323E-06
2.71834726035000E-03	1.91630400364702E-01	7.04785991235507E-04	3.10389596651041E-06
2.78549043768060E-03	1.91630442677336E-01	7.22194145599027E-04	3.25912143715320E-06
2.85429205149130E-03	1.91630487124841E-01	7.40032276586550E-04	3.42210967241198E-06
2.92479306516320E-03	1.91630533813477E-01	7.58311004250601E-04	3.59324888069460E-06
2.99703545387270E-03	1.91630582854842E-01	7.77041210930939E-04	3.77294668388908E-06
3.07106222958340E-03	1.91630634366098E-01	7.96234047730518E-04	3.96163108814289E-06
3.14691746665410E-03	1.91630688470314E-01	8.15900941151953E-04	4.15975150318547E-06
3.22464632808040E-03	1.91630745296699E-01	8.36053599897167E-04	4.36777981261387E-06
3.30429509238400E-03	1.91630804980938E-01	8.56704021835113E-04	4.58621149769208E-06
3.38591118116590E-03	1.91630867665524E-01	8.77864501141462E-04	4.81556681734325E-06
3.46954318734070E-03	1.91630933500080E-01	8.99547635613975E-04	5.05639204713559E-06
3.55524090406800E-03	1.91631002641721E-01	9.21766334168960E-04	5.30926078021631E-06
3.64305535439850E-03	1.91631075255428E-01	9.44533824522037E-04	5.57477529329038E-06
3.73303882165210E-03	1.91631151514453E-01	9.67863661058845E-04	5.85356798089266E-06
3.82524488054690E-03	1.91631231600707E-01	9.91769732899427E-04	6.14630286136677E-06
3.91972842909640E-03	1.91631315705220E-01	1.01626627216184E-03	6.45367715813836E-06
4.01654572129510E-03	1.91631404028574E-01	1.04136786242937E-03	6.77642296004236E-06
4.11575440061110E-03	1.91631496781403E-01	1.06708944742653E-03	7.11530896465538E-06
4.21741353430620E-03	1.91631594184876E-01	1.09344633990891E-03	7.47114230878535E-06
4.32158364860360E-03	1.91631696471233E-01	1.12045423077237E-03	7.84477049046810E-06
4.42832676472410E-03	1.91631803884339E-01	1.14812919838667E-03	8.23708338705005E-06
4.53770643581280E-03	1.91631916680258E-01	1.17648771815889E-03	8.64901537415302E-06
4.64978778477730E-03	1.91632035127880E-01	1.20554667233317E-03	9.08154755056643E-06
4.76463754306130E-03	1.91632159509530E-01	1.23532336003116E-03	9.53571007435737E-06
4.88232409037490E-03	1.91632290121678E-01	1.26583550754056E-03	1.00125846157567E-05
5.00291749540720E-03	1.91632427275621E-01	1.29710127885661E-03	1.05133069326555E-05
5.12648955754380E-03	1.91632571298229E-01	1.32913928648366E-03	1.10390695748365E-05
5.25311384961510E-03	1.91632722532743E-01	1.36196860250240E-03	1.15911247233740E-05
5.38286576170060E-03	1.91632881339532E-01	1.39560876990985E-03	1.21707871719521E-05
5.51582254601460E-03	1.91633048097067E-01	1.43007981423857E-03	1.27794374571938E-05
5.65206336290120E-03	1.91633223202691E-01	1.46540225546188E-03	1.34185251454398E-05
5.79166932796480E-03	1.91633407073658E-01	1.50159712019214E-03	1.40895722837963E-05
5.93472356036550E-03	1.91633600148068E-01	1.53868595417909E-03	1.47941770236506E-05
6.08131123230660E-03	1.91633802885974E-01	1.57669083511592E-03	1.55340174252722E-05
6.23151961974450E-03	1.91634015770404E-01	1.61563438576043E-03	1.63108554525417E-05
6.38543815435220E-03	1.91634239308585E-01	1.65553978737837E-03	1.71265411672936E-05
6.54315847676470E-03	1.91634474033097E-01	1.69643079351831E-03	1.79830171332592E-05
6.70477449114080E-03	1.91634720503162E-01	1.73833174412431E-03	1.88823230400444E-05
6.87038242107200E-03	1.91634979305994E-01	1.78126757999586E-03	1.98266005581558E-05
7.04008086687250E-03	1.91635251058166E-01	1.82526385760303E-03	2.08180984365906E-05
7.21397086428420E-03	1.91635536407073E-01	1.87034676426598E-03	2.18591778551086E-05
7.39215594463200E-03	1.91635836032531E-01	1.91654313370648E-03	2.29523180438797E-05
7.57474219646450E-03	1.91636150648339E-01	1.96388046198183E-03	2.41001221838700E-05
7.76183832871710E-03	1.91636481004011E-01	2.01238692381031E-03	2.53053236019648E-05
7.95355573543640E-03	1.91636827886549E-01	2.06209138929610E-03	2.65707922755261E-05
8.15000856210170E-03	1.91637192122316E-01	2.11302344106533E-03	2.78995416618401E-05
8.35131377358560E-03	1.91637574579019E-01	2.16521339182223E-03	2.92947358686382E-05
8.55759122379320E-03	1.91637976167747E-01	2.21869230233541E-03	3.07596971827140E-05
8.76896372702090E-03	1.91638397845193E-01	2.27349199986507E-03	3.22979139744964E-05
8.98555713107830E-03	1.91638840615869E-01	2.32964509704107E-03	3.39130489973081E-05
9.20750039221590E-03	1.91639305534577E-01	2.38718501120414E-03	3.56089481010062E-05
9.43492565190370E-03	1.91639793708822E-01	2.44614598421931E-03	3.73896493806309E-05
9.66796831550570E-03	1.91640306301561E-01	2.50656310277496E-03	3.92593927817767E-05
9.90676713289870E-03	1.91640844533891E-01	2.56847231917742E-03	4.12226301854032E-05
1.01514642810810E-02	1.91641409688006E-01	2.63191047265429E-03	4.32840359960031E-05
1.04022054488240E-02	1.91642003110193E-01	2.69691531117746E-03	4.54485182581687E-05
1.06591399234100E-02	1.91642626214142E-01	2.76352551381954E-03	4.77212303279100E-05
1.09224206795180E-02	1.91643280484219E-01	2.83178071365485E-03	5.01075831262829E-05
1.11922044703020E-02	1.91643967479056E-01	2.90172152121946E-03	5.26132580043680E-05
1.14686519207190E-02	1.91644688835208E-01	2.97338954854200E-03	5.52442202499934E-05
1.17519276231600E-02	1.91645446271171E-01	3.04682743376086E-03	5.80067332681503E-05
1.20422002354530E-02	1.91646241591314E-01	3.12207886633773E-03	6.09073734685403E-05
1.23396425812680E-02	1.91647076690344E-01	3.19918861288812E-03	6.39530458955650E-05
1.26444317530260E-02	1.91647953557666E-01	3.27820254363413E-03	6.71510006374388E-05
1.29567492173250E-02	1.91648874282292E-01	3.35916765950470E-03	7.05088500534088E-05
1.32767809229930E-02	1.91649841057654E-01	3.44213211988774E-03	7.40345868594557E-05
1.36047174117910E-02	1.91650856186932E-01	3.52714527105880E-03	7.77366031153435E-05
1.39407539318620E-02	1.91651922088545E-01	3.61425767529535E-03	8.16237101575838E-05
1.42850905539790E-02	1.91653041301871E-01	3.70352114069516E-03	8.57051595253822E-05
1.46379322906630E-02	1.91654216493300E-01	3.79498875171556E-03	8.99906649287306E-05
1.49994892182420E-02	1.91655450462675E-01	3.88871490044915E-03	9.44904253104103E-05
1.53699766019330E-02	1.91656746149837E-01	3.98475531865146E-03	9.92151490560055E-05
1.57496150240000E-02	1.91658106641756E-01	4.08316711054219E-03	1.04176079408968E-04
1.61386305150930E-02	1.91659535179790E-01	4.18400878639106E-03	1.09385021150187E-04
1.65372546888160E-02	1.91661035167484E-01	4.28734029691280E-03	1.14854368604907E-04
1.69457248796300E-02	1.91662610178657E-01	4.39322306848413E-03	1.20597135042400E-04
1.73642842841570E-02	1.91664263965946E-01	4.50172003920367E-03	1.26626983537430E-04
1.77931821059750E-02	1.91666000469725E-01	4.61289569581356E-03	1.32958259365641E-04
1.82326737039930E-02	1.91667823827493E-01	4.72681611149964E-03	1.39606024008637E-04
1.86830207444810E-02	1.91669738383806E-01	4.84354898459429E-03	1.46586090848264E-04
1.91444913568700E-02	1.91671748700574E-01	4.96316367819420E-03	1.53915062633221E-04
1.96173602933850E-02	1.91673859567978E-01	5.08573126072120E-03	1.61610370805554E-04
2.01019090926310E-02	1.91676076015888E-01	5.21132454744023E-03	1.69690316778457E-04
2.05984262472190E-02	1.91678403325854E-01	5.34001814295500E-03	1.78174115261417E-04
2.11072073755260E-02	1.91680847043721E-01	5.47188848471110E-03	1.87081939733474E-04
2.16285553977010E-02	1.91683412992866E-01	5.60701388751190E-03	1.96434970169982E-04
2.21627807160240E-02	1.91686107288077E-01	5.74547458908144E-03	2.06255443133436E-04
2.27102013997100E-02	1.91688936350150E-01	5.88735279669239E-03	2.16566704344458E-04
2.32711433742830E-02	1.91691906921232E-01	6.03273273487730E-03	2.27393263854198E-04
2.38459406156280E-02	1.91695026080904E-01	6.18170069424908E-03	2.38760853945558E-04
2.44349353488340E-02	1.91698301263069E-01	6.33434508144773E-03	2.50696489896525E-04
2.50384782519500E-02	1.91701740273724E-01	6.49075647024368E-03	2.63228533745365E-04
2.56569286647730E-02	1.91705351309586E-01	6.65102765380939E-03	2.76386761203978E-04
2.62906548027930E-02	1.91709142977670E-01	6.81525369819184E-03	2.90202431872707E-04
2.69400339764220E-02	1.91713124315846E-01	6.98353199699962E-03	3.04708362917126E-04
2.76054528156400E-02	1.91717304814429E-01	7.15596232733269E-03	3.19939006374793E-04
2.82873075001860E-02	1.91721694438869E-01	7.33264690697501E-03	3.35930530268058E-04
2.89860039954410E-02	1.91726303653521E-01	7.51369045286942E-03	3.52720903706943E-04
2.97019582941280E-02	1.91731143446712E-01	7.69920024090633E-03	3.70349986174975E-04
3.04355966639930E-02	1.91736225356950E-01	7.88928616703281E-03	3.88859621199694E-04
3.11873559015940E-02	1.91741561500552E-01	8.08406080972013E-03	4.08293734618688E-04
3.19576835923630E-02	1.91747164600596E-01	8.28363949379836E-03	4.28698437662202E-04
3.27470383770940E-02	1.91753048017347E-01	8.48814035568662E-03	4.50122135082710E-04
3.35558902250090E-02	1.91759225780221E-01	8.69768441003450E-03	4.72615638573384E-04
3.43847207135660E-02	1.91765712621374E-01	8.91239561780051E-03	4.96232285727454E-04
3.52340233151910E-02	1.91772524010906E-01	9.13240095577787E-03	5.21028064801900E-04
3.61043036910770E-02	1.91779676193939E-01	9.35783048759697E-03	5.47061745561525E-04
3.69960799922460E-02	1.91787186229506E-01	9.58881743621302E-03	5.74395016491014E-04
3.79098831680550E-02	1.91795072031374E-01	9.82549825790061E-03	6.03092628674910E-04
3.88462572823060E-02	1.91803352410992E-01	1.00680127177692E-02	6.33222546660273E-04
3.98057598371790E-02	1.91812047122553E-01	1.03165039668137E-02	6.64856106628250E-04
4.07889621051570E-02	1.91821176910338E-01	1.05711186205151E-02	6.98068182216925E-04
4.17964494691540E-02	1.91830763558465E-01	1.08320068389980E-02	7.32937358351077E-04
4.28288217710420E-02	1.91840829943126E-01	1.10993224087608E-02	7.69546113450278E-04
4.38866936687870E-02	1.91851400087479E-01	1.13732228259804E-02	8.07981010402192E-04
4.49706950024060E-02	1.91862499219311E-01	1.16538693814012E-02	8.48332896703774E-04
4.60814711689660E-02	1.91874153831597E-01	1.19414272468080E-02	8.90697114189985E-04
4.72196835068390E-02	1.91886391746149E-01	1.22360655630887E-02	9.35173718786369E-04
4.83860096894580E-02	1.91899242180452E-01	1.25379575298751E-02	9.81867710739182E-04
4.95811441287880E-02	1.91912735817920E-01	1.28472804967672E-02	1.03088927579521E-03
5.08057983887690E-02	1.91926904881680E-01	1.31642160561238E-02	1.08235403782073E-03
5.20607016089710E-02	1.91941783212115E-01	1.34889501374092E-02	1.13638332336871E-03
5.33466009387130E-02	1.91957406348316E-01	1.38216731030787E-02	1.19310443872148E-03
5.46642619818990E-02	1.91973811613700E-01	1.41625798459823E-02	1.25265095995611E-03
5.60144692528520E-02	1.91991038205926E-01	1.45118698882559E-02	1.31516303659852E-03
5.73980266433970E-02	1.92009127291484E-01	1.48697474816723E-02	1.38078770945284E-03
5.88157579014890E-02	1.92028122104911E-01	1.52364217094088E-02	1.44967924321153E-03
6.02685071216560E-02	1.92048068053257E-01	1.56121065891922E-02	1.52199947447237E-03
6.17571392475610E-02	1.92069012825759E-01	1.59970211777618E-02	1.59791817580770E-03
6.32825405869760E-02	1.92091006509065E-01	1.63913896765988E-02	1.67761343655108E-03
6.48456193394740E-02	1.92114101708540E-01	1.67954415388414E-02	1.76127206098586E-03
6.64473061371590E-02	1.92138353675445E-01	1.72094115773298E-02	1.84908998463912E-03
6.80885545987470E-02	1.92163820440958E-01	1.76335400736645E-02	1.94127270940295E-03
6.97703418973360E-02	1.92190562956794E-01	1.80680728882028E-02	2.03803575822092E-03
7.14936693422000E-02	1.92218645243172E-01	1.85132615708807E-02	2.13960515009710E-03
7.32595629749520E-02	1.92248134544338E-01	1.89693634727188E-02	2.24621789619757E-03
7.50690741804340E-02	1.92279101491985E-01	1.94366418579050E-02	2.35812251782891E-03
7.69232803126900E-02	1.92311620277270E-01	1.99153660162745E-02	2.47557958709172E-03
7.88232853364140E-02	1.92345768831395E-01	2.04058113760445E-02	2.59886229101320E-03
8.07702204842230E-02	1.92381629015860E-01	2.09082596165980E-02	2.72825701997661E-03
8.27652449301830E-02	1.92419286822121E-01	2.14229987811235E-02	2.86406398126158E-03
8.48095464799590E-02	1.92458832581932E-01	2.19503233888971E-02	3.00659783851804E-03
8.69043422780140E-02	1.92500361188354E-01	2.24905345469323E-02	3.15618837799008E-03
8.90508795322810E-02	1.92543972328218E-01	2.30439400607629E-02	3.31318120229668E-03
9.12504362567280E-02	1.92589770726825E-01	2.36108545440367E-02	3.47793845257031E-03
9.35043220322690E-02	1.92637866405125E-01	2.41915995266118E-02	3.65083955972785E-03
9.58138787864670E-02	1.92688374950474E-01	2.47865035608018E-02	3.83228202563095E-03
9.81804815924920E-02	1.92741417801429E-01	2.53959023253862E-02	4.02268223485626E-03
1.00605539487830E-01	1.92797122547435E-01	2.60201387269571E-02	4.22247629775374E-03
1.03090496313180E-01	1.92855623244169E-01	2.66595629981677E-02	4.43212092542787E-03
1.05636831572110E-01	1.92917060745501E-01	2.73145327923675E-02	4.65209433720489E-03
1.08246061311940E-01	1.92981583052757E-01	2.79854132740935E-02	4.88289720108503E-03
1.10919739026350E-01	1.93049345682486E-01	2.86725772048398E-02	5.12505360758805E-03
1.13659456580300E-01	1.93120512053605E-01	2.93764050234656E-02	5.37911207729757E-03
1.16466845157830E-01	1.93195253894935E-01	3.00972849205432E-02	5.64564660228984E-03
1.19343576233230E-01	1.93273751674349E-01	3.08356129059247E-02	5.92525772150101E-03
1.22291362566190E-01	1.93356195050740E-01	3.15917928687084E-02	6.21857362992184E-03
1.25311959221580E-01	1.93442783349967E-01	3.23662366287298E-02	6.52625132132779E-03
1.28407164614350E-01	1.93533726066246E-01	3.31593639786488E-02	6.84897776404913E-03
1.31578821580320E-01	1.93629243390196E-01	3.39716027155943E-02	7.18747110904244E-03
1.34828818473360E-01	1.93729566765275E-01	3.48033886612910E-02	7.54248192926449E-03
1.38159090289650E-01	1.93834939474085E-01	3.56551656694748E-02	7.91479448904506E-03
1.41571619819800E-01	1.93945617256107E-01	3.65273856192981E-02	8.30522804179964E-03
1.45068438829350E-01	1.94061868958855E-01	3.74205083933826E-02	8.71463815407122E-03
1.48651629268440E-01	1.94183977224133E-01	3.83350018390148E-02	9.14391805342279E-03
1.52323324511370E-01	1.94312239211577E-01	3.92713417108920E-02	9.59399999725003E-03
1.56085710626800E-01	1.94446967361334E-01	4.02300115936938E-02	1.00658566590229E-02
1.59941027679280E-01	1.94588490198346E-01	4.12115028026621E-02	1.05605025278896E-02
1.63891571062960E-01	1.94737153180461E-01	4.22163142601694E-02	1.10789953168834E-02
1.67939692868210E-01	1.94893319592933E-01	4.32449523461910E-02	1.16224373742557E-02
1.72087803282060E-01	1.95057371491791E-01	4.42979307203563E-02	1.21919770916149E-02
1.76338372023130E-01	1.95229710699151E-01	4.53757701131842E-02	1.27888103016755E-02
1.80693929812100E-01	1.95410759853105E-01	4.64789980838427E-02	1.34141816573735E-02
1.85157069878460E-01	1.95600963515421E-01	4.76081487416624E-02	1.40693859830440E-02
1.89730449504450E-01	1.95800789340452E-01	4.87637624284093E-02	1.47557695871154E-02
1.94416791607210E-01	1.96010729308434E-01	4.99463853581060E-02	1.54747315244319E-02
1.99218886359910E-01	1.96231301027094E-01	5.11565692110297E-02	1.62277247948800E-02
2.04139592853000E-01	1.96463049105198E-01	5.23948706782326E-02	1.70162574633510E-02
2.09181840796470E-01	1.96706546602096E-01	5.36618509526972E-02	1.78418936843512E-02
2.14348632264140E-01	1.96962396557578E-01	5.49580751631313E-02	1.87062546126389E-02
2.19643043481070E-01	1.97231233606288E-01	5.62841117458813E-02	1.96110191791935E-02
2.25068226655050E-01	1.97513725681503E-01	5.76405317505394E-02	2.05579247095746E-02
2.30627411853430E-01	1.97810575812836E-01	5.90279080741700E-02	2.15487673592474E-02
2.36323908926210E-01	1.98122524023096E-01	6.04468146192029E-02	2.25854023378514E-02
2.42161109476690E-01	1.98450349329317E-01	6.18978253693863E-02	2.36697438915048E-02
2.48142488880760E-01	1.98794871853334E-01	6.33815133782293E-02	2.48037650091899E-02
2.54271608356120E-01	1.99156955047330E-01	6.48984496638428E-02	2.59894968159718E-02
2.60552117082510E-01	1.99537508040060E-01	6.64492020040362E-02	2.72290276123288E-02
2.66987754374450E-01	1.99937488109175E-01	6.80343336250454E-02	2.85245015150961E-02
2.73582351907500E-01	2.00357903285590E-01	6.96544017771878E-02	2.98781166516436E-02
2.80339835999610E-01	2.00799815095306E-01	7.13099561904103E-02	3.12921228546963E-02
2.87264229948800E-01	2.01264341444299E-01	7.30015374025568E-02	3.27688188008843E-02
2.94359656428540E-01	2.01752659651831E-01	7.47296749529234E-02	3.43105485315609E-02
3.01630339942330E-01	2.02266009637040E-01	7.64948854336718E-02	3.59196972897305E-02
3.09080609338900E-01	2.02805697263422E-01	7.82976703914283E-02	3.75986866021440E-02
3.16714900389570E-01	2.03373097844929E-01	8.01385140715591E-02	3.93499685306799E-02
3.24537758429190E-01	2.03969659816826E-01	8.20178809976211E-02	4.11760190123599E-02
3.32553841062390E-01	2.04596908572938E-01	8.39362133785886E-02	4.30793302023815E-02
3.40767920936640E-01	2.05256450469902E-01	8.58939283369171E-02	4.50624017300125E-02
3.49184888583770E-01	2.05949976996850E-01	8.78914149508057E-02	4.71277307727511E-02
3.57809755331790E-01	2.06679269106903E-01	8.99290311046870E-02	4.92778008502287E-02
3.66647656288490E-01	2.07446201704014E-01	9.20071001427918E-02	5.15150692359190E-02
3.75703853398810E-01	2.08252748275208E-01	9.41259073216016E-02	5.38419528822221E-02
3.84983738577760E-01	2.09100985654051E-01	9.62856960583565E-02	5.62608127527422E-02
3.94492836920630E-01	2.09993098896235E-01	9.84866639743649E-02	5.87739364555937E-02
4.04236809992570E-01	2.10931386241800E-01	1.00728958733712E-01	6.13835190725755E-02
4.14221459199390E-01	2.11918264131257E-01	1.03012673680408E-01	6.40916420826903E-02
4.24452729241610E-01	2.12956272233940E-01	1.05337843279665E-01	6.69002502839515E-02
4.34936711653880E-01	2.14048078436268E-01	1.07704438372231E-01	6.98111266261562E-02
4.45679648431730E-01	2.15196483725084E-01	1.10112361254538E-01	7.28258648792325E-02
4.56687935748000E-01	2.16404426886019E-01	1.12561440601638E-01	7.59458400776441E-02
4.67968127760970E-01	2.17674988919311E-01	1.15051426255035E-01	7.91721767020350E-02
4.79526940516670E-01	2.19011397054237E-01	1.17581983902958E-01	8.25057145850091E-02
4.91371255947430E-01	2.20417028219040E-01	1.20152689687224E-01	8.59469725600031E-02
5.03508125969330E-01	2.21895411793643E-01	1.22763024777670E-01	8.94961099107939E-02
5.15944776680770E-01	2.23450231439269E-01	1.25412369963184E-01	9.31528857256252E-02
5.28688612664790E-01	2.25085325758758E-01	1.28100000316786E-01	9.69166163146007E-02
5.41747221397610E-01	2.26804687496145E-01	1.30825080001525E-01	1.00786130912831E-01
5.55128377766130E-01	2.28612460930101E-01	1.33586657293773E-01	1.04759725965492E-01
5.68840048696950E-01	2.30512937055153E-01	1.36383659910839E-01	1.08835118374973E-01
5.82890397899770E-01	2.32510546073645E-01	1.39214890740388E-01	1.13009398184888E-01
5.97287790727890E-01	2.34609846640980E-01	1.42079024079752E-01	1.17278981281346E-01
6.12040799158870E-01	2.36815511215891E-01	1.44974602503373E-01	1.21639562807667E-01
6.27158206898090E-01	2.39132306763945E-01	1.47900034486063E-01	1.26086072114669E-01
6.42649014608480E-01	2.41565069947859E-01	1.50853592917487E-01	1.30612630202758E-01
6.58522445269310E-01	2.44118675810991E-01	1.53833414648989E-01	1.35212510752759E-01
6.74787949667460E-01	2.46797998820874E-01	1.56837501216159E-01	1.39878105986657E-01
6.91455212024240E-01	2.49607864989829E-01	1.59863720878504E-01	1.44600898743376E-01
7.08534155761240E-01	2.52552993631093E-01	1.62909812109646E-01	1.49371442293396E-01
7.26034949408540E-01	2.55637927145435E-01	1.65973388656230E-01	1.54179349543078E-01
7.43968012658940E-01	2.58866947069738E-01	1.69051946258443E-01	1.59013293387673E-01
7.62344022571610E-01	2.62243974465623E-01	1.72142871088889E-01	1.63861020051647E-01
7.81173919929130E-01	2.65772452591243E-01	1.75243449915224E-01	1.68709377296449E-01
8.00468915751380E-01	2.69455209701050E-01	1.78350881924029E-01	1.73544359366625E-01
8.20240497970440E-01	2.73294299775306E-01	1.81462292055024E-01	1.78351170473421E-01
8.40500438270310E-01	2.77290819020425E-01	1.84574745582878E-01	1.83114308466443E-01
8.61260799095590E-01	2.81444696136306E-01	1.87685263544764E-01	1.87817670104914E-01
8.82533940833250E-01	2.85754454659007E-01	1.90790838443147E-01	1.92444678998403E-01
9.04332529171830E-01	2.90216946205948E-01	1.93888449450550E-01	1.96978436829030E-01
9.26669542642370E-01	2.94827054236463E-01	1.96975076105328E-01	2.01401897884970E-01
9.49558280345640E-01	2.99577369057794E-01	2.00047709212588E-01	2.05698066222868E-01
9.73012369870180E-01	3.04457836329876E-01	2.03103357352555E-01	2.09850213932566E-01
9.97045775405970E-01	3.09455383325285E-01	2.06139047053846E-01	2.13842118008761E-01
1.02167280605850E+00	3.14553529752958E-01	2.09151814316172E-01	2.17658312252658E-01
1.04690812436810E+00	3.19731993110578E-01	2.12138684778400E-01	2.21284349455994E-01
1.07276675504000E+00	3.24966302314263E-01	2.15096639441261E-01	2.24707067890253E-01
1.09926409388950E+00	3.30227437740908E-01	2.18022562497071E-01	2.27914854879372E-01
1.12641591700860E+00	3.35481520706250E-01	2.20913167529992E-01	2.30897899023407E-01
1.15423839015870E+00	3.40689580586617E-01	2.23764898185780E-01	2.33648421526414E-01
1.18274807839560E+00	3.45807432929592E-01	2.26573799444092E-01	2.36160876128699E-01
1.21196195593200E+00	3.50785706475694E-01	2.29335355958521E-01	2.38432106425330E-01
1.24189741624350E+00	3.55570060319120E-01	2.32044294690188E-01	2.40461448942911E-01
1.27257228242470E+00	3.60101633554325E-01	2.34694350412101E-01	2.42250770320908E-01
1.30400481780060E+00	3.64317767580675E-01	2.37277994804298E-01	2.43804427379389E-01
1.33621373680030E+00	3.68153034530860E-01	2.39786133025607E-01	2.45129139828131E-01
1.36921821609930E+00	3.71540592792834E-01	2.42207776091725E-01	2.46233766970114E-01
1.40303790603690E+00	3.74413871209880E-01	2.44529703360970E-01	2.47128982074630E-01
1.43769294231600E+00	3.76708556568778E-01	2.46736137123167E-01	2.47826841272465E-01
1.47320395799120E+00	3.78364824423089E-01	2.48808460761778E-01	2.48340248029965E-01
1.50959209575360E+00	3.79329712159858E-01	2.50725022999623E-01	2.48682319722099E-01
1.54687902051870E+00	3.79559487823245E-01	2.52461082671584E-01	2.48865669843575E-01
1.58508693232550E+00	3.79021822356680E-01	2.53988959890085E-01	2.48901628316902E-01
1.62423857955400E+00	3.77697531919321E-01	2.55278467916422E-01	2.48799433519745E-01
1.66435727246900E+00	3.75581627393035E-01	2.56297701593481E-01	2.48565443271962E-01
1.70546689709900E+00	3.72683397731357E-01	2.57014247012468E-01	2.48202427944796E-01
1.74759192945730E+00	3.69025270720723E-01	2.57396845062016E-01	2.47709026178567E-01
1.79075745011490E+00	3.64640248121879E-01	2.57417477892739E-01	2.47079460176190E-01
1.83498915913270E+00	3.59567966160810E-01	2.57053738460402E-01	2.46303618767262E-01
1.88031339136330E+00	3.53850580196653E-01	2.56291172178127E-01	2.45367614768659E-01
1.92675713213000E+00	3.47530916140613E-01	2.55125024895330E-01	2.44254896490092E-01
1.97434803329360E+00	3.40652741660332E-01	2.53560464475381E-01	2.42947923640295E-01
2.02311442971590E+00	3.33260494708774E-01	2.51610132563017E-01	2.41430280395005E-01
2.07308535612990E+00	3.25399070057403E-01	2.49289557109214E-01	2.39688859563906E-01
2.12429056442630E+00	3.17113644272453E-01	2.46614453770557E-01	2.37715367811760E-01
2.17676054136770E+00	3.08449483853292E-01	2.43601278128639E-01	2.35506034702025E-01
2.23052652673940E+00	2.99451750323477E-01	2.40267099518272E-01	2.33059375616372E-01
2.28562053194990E+00	2.90165303022692E-01	2.36629476190781E-01	2.30374578229538E-01
2.34207535908910E+00	2.80634501827409E-01	2.32706412573604E-01	2.27451907682397E-01
2.39992462045860E+00	2.70903012099290E-01	2.28516294009827E-01	2.24292738015646E-01
2.45920275858390E+00	2.61013614101088E-01	2.24077819715409E-01	2.20899545598979E-01
2.51994506672090E+00	2.51008019015637E-01	2.19409932828979E-01	2.17275953434985E-01
2.58218770986890E+00	2.40926693552350E-01	2.14531748429763E-01	2.13426753596233E-01
2.64596774630270E+00	2.30808694938409E-01	2.09462480467189E-01	2.09357920307762E-01
2.71132314963640E+00	2.20691517878418E-01	2.04221368476098E-01	2.05076612057001E-01
2.77829283143240E+00	2.10610954835182E-01	1.98827604889010E-01	2.00591162419266E-01
2.84691666436880E+00	2.00600970743529E-01	1.93300263680276E-01	1.95911059453038E-01
2.91723550597870E+00	1.90693593025260E-01	1.87658230992255E-01	1.91046913615396E-01
2.98929122297630E+00	1.80918817533071E-01	1.81920138304080E-01	1.86010414270065E-01
3.06312671618390E+00	1.71304530819311E-01	1.76104298612560E-01	1.80814274991563E-01
3.13878594607360E+00	1.61876448906378E-01	1.70228646004996E-01	1.75472168008266E-01
3.21631395894160E+00	1.52658072532077E-01	1.64310678917131E-01	1.69998648272278E-01
3.29575691372750E+00	1.43670658750829E-01	1.58367407289434E-01	1.64409067791285E-01
3.37716210949650E+00	1.34933208135700E-01	1.52415303761634E-01	1.58719481001063E-01
3.46057801360110E+00	1.26462467646125E-01	1.46470258981515E-01	1.52946542095132E-01
3.54605429053710E+00	1.18272948109645E-01	1.40547541049478E-01	1.47107395353061E-01
3.63364183151330E+00	1.10376955677298E-01	1.34661759075491E-01	1.41219559616951E-01
3.72339278475170E+00	1.02784636414705E-01	1.28826830790928E-01	1.35300808152964E-01
3.81536058653510E+00	9.55040331240676E-02	1.23055954132738E-01	1.29369045197618E-01
3.90959999302250E+00	8.85411534383072E-02	1.17361582701484E-01	1.23442180525232E-01
4.00616711285010E+00	8.19000481878517E-02	1.11755404986797E-01	1.17538003382841E-01
4.10511944053750E+00	7.55828990112561E-02	1.06248327252432E-01	1.11674057123645E-01
4.20651589071880E+00	6.95901141609235E-02	1.00850459977150E-01	1.05867515832128E-01
4.31041683321960E+00	6.39204314434625E-02	9.55711077554649E-02	1.00135064178228E-01
4.41688412900010E+00	5.85710272289835E-02	9.04187625726328E-02	9.44927816696390E-02
4.52598116698640E+00	5.35376304643510E-02	8.54011003345679E-02	8.89560323962810E-02
4.63777290181100E+00	4.88146406307878E-02	8.05249808343783E-02	8.35393612849996E-02
4.75232589248570E+00	4.43952485966060E-02	7.57964505695363E-02	7.82563975369938E-02
4.86970834203010E+00	4.02715593306097E-02	7.12207489331414E-02	7.31197675975230E-02
4.98999013807820E+00	3.64347154612895E-02	6.68023174311745E-02	6.81410153330450E-02
5.11324289448880E+00	3.28750206914991E-02	6.25448119459213E-02	6.33305335206933E-02
5.23953999398260E+00	2.95820621085624E-02	5.84511179971493E-02	5.86975056013746E-02
5.36895663183400E+00	2.65448304659274E-02	5.45233689442886E-02	5.42498587248163E-02
5.50156986064030E+00	2.37518375553358E-02	5.07629670608357E-02	4.99942286793280E-02
5.63745863619810E+00	2.11912298379926E-02	4.71706073964257E-02	4.59359372178088E-02
5.77670386451220E+00	1.88508975601306E-02	4.37463043235573E-02	4.20789821890058E-02
5.91938844996570E+00	1.67185786421441E-02	4.04894206450666E-02	3.84260407555966E-02
6.06559734467980E+00	1.47819567013767E-02	3.73986991159343E-02	3.49784858262431E-02
6.21541759909340E+00	1.30287526459142E-02	3.44722962097740E-02	3.17364156485386E-02
6.36893841379100E+00	1.14468093598246E-02	3.17078179369638E-02	2.86986963065942E-02
6.52625119261170E+00	1.00241690881903E-02	2.91023574985923E-02	2.58630166464882E-02
6.68744959706920E+00	8.74914322190136E-03	2.66525345389374E-02	2.32259549223864E-02
6.85262960211680E+00	7.61037427616434E-03	2.43545357395512E-02	2.07830562243692E-02
7.02188955328910E+00	6.59688995163648E-03	2.22041564807635E-02	1.85289195256406E-02
7.19533022525530E+00	5.69814926145996E-03	2.01968432818834E-02	1.64572929812166E-02
7.37305488181910E+00	4.90408079973290E-03	1.83277367199700E-02	1.45611759318305E-02
7.55516933740000E+00	4.20511331555611E-03	1.65917145190565E-02	1.28329259235949E-02
7.74178202003380E+00	3.59219884029021E-03	1.49834344971887E-02	1.12643689527317E-02
7.93300403592860E+00	3.05682869267297E-03	1.34973770579705E-02	9.84691109018100E-03
8.12894923561610E+00	2.59104275576666E-03	1.21278869164139E-02	8.57164963592998E-03
8.32973428173580E+00	2.18743248028700E-03	1.08692137559309E-02	7.42948199804615E-03
8.53547871849470E+00	1.83913811984718E-03	9.71555152428062E-03	6.41121058507411E-03
8.74630504284150E+00	1.53984074440314E-03	8.66107609116290E-03	5.50764213906288E-03
8.96233877739970E+00	1.28374960830494E-03	7.69998100885953E-03	4.70968011462613E-03
9.18370854520140E+00	1.06558546866830E-03	6.82651113969799E-03	4.00840892017580E-03
9.41054614626790E+00	8.80560458348280E-04	6.03499393993219E-03	3.39516907281923E-03
9.64298663608070E+00	7.24355115934825E-04	5.31986821857312E-03	2.86162256961735E-03
9.88116840599190E+00	5.93093163413847E-04	4.67571022135627E-03	2.39980803597332E-03
1.01252332656200E+01	4.83314601195605E-04	4.09725692389969E-03	2.00218546800034E-03
1.03753265272810E+01	3.91947661020844E-04	3.57942645360613E-03	1.66167063144519E-03
1.06315970925050E+01	3.16280120902749E-04	3.11733559633664E-03	1.37165940766713E-03
1.08941975406890E+01	2.53930443956127E-04	2.70631438061746E-03	1.12604258093912E-03
1.11632842199440E+01	2.02819156004626E-04	2.34191776839980E-03	9.19211735963530E-04
1.14390173401770E+01	1.61140826589819E-04	2.01993451642451E-03	7.46057076434220E-04
1.17215610684790E+01	1.27336965785725E-04	1.73639330530375E-03	6.01958082695685E-04
1.20110836268710E+01	1.00070096373146E-04	1.48756626387145E-03	4.82767998498182E-04
1.23077573924550E+01	7.81992086947426E-05	1.26997004354229E-03	3.84793174317651E-04
1.26117590000480E+01	6.07567550356293E-05	1.08036462084933E-03	3.04768299744006E-04
1.29232694473490E+01	4.69272926568326E-05	9.15750025627428E-04	2.39828533087336E-04
1.32424742026990E+01	3.60278404901027E-05	7.73361207185792E-04	1.87479486455657E-04
1.35695633155060E+01	2.74899746458871E-05	6.50661261142254E-04	1.45565953525951E-04
1.39047315293990E+01	2.08436527704262E-05	5.45333245378435E-04	1.12240179784072E-04
1.42481783981750E+01	1.57027272059794E-05	4.55270814939331E-04	8.59303759531550E-05
1.46001084046100E+01	1.17520819761231E-05	3.78567902886961E-04	6.53100693503098E-05
1.49607310822040E+01	8.73630878749778E-06	3.13507667475019E-04	4.92687793881809E-05
1.53302611399340E+01	6.44982231707853E-06	2.58550915962294E-04	3.68843963054190E-05
1.57089185900900E+01	4.72830472453422E-06	2.12324202421052E-04	2.73975398450164E-05
1.60969288792660E+01	3.44136318075078E-06	1.73607781551715E-04	2.01880797520880E-05
1.64945230225830E+01	2.48628175401825E-06	1.41323583339257E-04	1.47539147232352E-05
1.69019377412410E+01	1.78274971910958E-06	1.14523354931195E-04	1.06920322383184E-05
1.73194156034500E+01	1.26845170666537E-06	9.23770969158451E-05	7.68180934269559E-06
1.77472051688550E+01	8.95410549408679E-07	7.41619017320188E-05	5.47046414891414E-06
1.81855611365260E+01	6.26980688543611E-07	5.92512827045456E-05	3.86052931454605E-06
1.86347444965980E+01	4.35398096690310E-07	4.71050635722594E-05	2.69919133731137E-06
1.90950226856640E+01	2.99801420610694E-07	3.72598806970100E-05	1.86932216590607E-06
1.95666697460000E+01	2.04648072410748E-07	2.93203336888058E-05	1.28202115328558E-06
2.00499664887260E+01	1.38457987453065E-07	2.29508051639157E-05	8.70484233860183E-07
2.05452006609980E+01	9.28264682169553E-08	1.78679569183671E-05	5.85022711110778E-07
2.10526671173240E+01	6.16557529404232E-08	1.38338980375437E-05	3.89061746820625E-07
2.15726679951220E+01	4.05625488502467E-08	1.06500104093611E-05	2.55966835519877E-07
2.21055128946020E+01	2.64256647993685E-08	8.15140875170742E-06	1.66552908543884E-07
2.26515190630980E+01	1.70440229245472E-08	6.20200555197715E-06	1.07153181210754E-07
2.32110115839570E+01	1.08807149965118E-08	4.69014616154274E-06	6.81426771921657E-08
2.37843235700810E+01	6.87341628904745E-09	3.52477557847845E-06	4.28221109576770E-08
2.43717963622620E+01	4.29541912475851E-09	2.63209605576982E-06	2.65841009528161E-08
2.49737797324090E+01	2.65485559602441E-09	1.95267344459809E-06	1.62985085965202E-08
2.55906320918000E+01	1.62240917297513E-09	1.43894997039766E-06	9.86527712277983E-09
2.62227207044670E+01	9.80037086300819E-10	1.05312178970612E-06	5.89340505760656E-09
2.68704219058680E+01	5.85008919798694E-10	7.65341031075064E-07	3.47356397080204E-09
2.75341213269430E+01	3.44978640349657E-10	5.52203961889206E-07	2.01924504174798E-09
2.82142141237180E+01	2.00909296645163E-10	3.95489174615209E-07	1.15732765456513E-09
2.89111052125740E+01	1.15518317083927E-10	2.81112840900042E-07	6.53765699180208E-10
2.96252095113250E+01	6.55548314426567E-11	1.98268870050725E-07	3.63854088639081E-10
3.03569521862540E+01	3.67043841146852E-11	1.38730414934737E-07	1.99438199339517E-10
3.11067689052550E+01	2.02696296215334E-11	9.62828712033712E-08	1.07621161670075E-10
3.18751060972150E+01	1.10367268790358E-11	6.62675789744698E-08	5.71508991300915E-11
3.26624212178160E+01	5.92308217705350E-12	4.52207837193266E-08	2.98543566752692E-11
3.34691830218960E+01	3.13191329051156E-12	3.05891344448928E-08	1.53345154665638E-11
3.42958718425370E+01	1.63103583972528E-12	2.05065835271690E-08	7.74147305845542E-12
3.51429798770470E+01	8.36261319936068E-13	1.36213129401992E-08	3.83951888309188E-12
3.60110114800100E+01	4.21962322146881E-13	8.96281101029685E-09	1.86996238724243E-12
3.69004834635670E+01	2.09450925800371E-13	5.84072392165092E-09	8.93901376784982E-13
3.78119254051170E+01	1.02231996838888E-13	3.76861066267485E-09	4.19217353102835E-13
3.87458799626230E+01	4.90457553181185E-14	2.40702363148591E-09	1.92782807473165E-13
3.97029031977000E+01	2.31171875896211E-14	1.52143545528931E-09	8.68875043049154E-14
4.06835649066830E+01	1.07001866934886E-14	9.51453611102857E-10	3.83601930550029E-14
4.16884489598780E+01	4.86147928379279E-15	5.88527206139017E-10	1.65808526878507E-14
4.27181536491870E+01	2.16700338625515E-15	3.59974121646422E-10	7.01289370185786E-15
4.37732920443220E+01	9.47207330211374E-16	2.17660567354636E-10	2.90072803898240E-15
4.48544923578170E+01	4.05798584200605E-16	1.30066893832690E-10	1.17269298660548E-15
4.59623983190550E+01	1.70252933237930E-16	7.67898625840738E-11	4.63095291877790E-16
4.70976695575360E+01	6.98914179983901E-17	4.47774521806898E-11	1.78525014600620E-16
4.82609819956070E+01	0.00000000000000E+00	2.57809001506404E-11	6.71424245909140E-17
4.94530282508980E+01	0.00000000000000E+00	1.46514737780238E-11	2.46197242778675E-17
5.06745180486950E+01	0.00000000000000E+00	8.21612034009058E-12	8.79566802297843E-18
5.19261786444980E+01	0.00000000000000E+00	4.54473424013102E-12	3.05954833525678E-18
5.32087552570170E+01	0.00000000000000E+00	2.47888596279154E-12	1.03548540969347E-18
5.45230115118660E+01	0.00000000000000E+00	1.33277587683157E-12	3.40734388038871E-19
5.58697298962090E+01	0.00000000000000E+00	7.06077381696537E-13	1.08931171353727E-19
5.72497122246450E+01	0.00000000000000E+00	3.68451041253314E-13	3.38082659163568E-20
5.86637801165940E+01	0.00000000000000E+00	1.89309752411106E-13	1.01786635943983E-20
6.01127754854740E+01	0.00000000000000E+00	9.57322460819249E-14	2.97034357474689E-21
6.15975610399650E+01	0.00000000000000E+00	4.76275942918952E-14	8.39506102972943E-22
6.31190207976520E+01	0.00000000000000E+00	2.32997649776834E-14	2.29586362625465E-22
6.46780606113540E+01	0.00000000000000E+00	1.12026253084432E-14	6.07159931756462E-23
6.62756087084540E+01	0.00000000000000E+00	0.00000000000000E+00	1.54723667909835E-23
6.79126162435530E+01	0.00000000000000E+00	0.00000000000000E+00	3.76473270251109E-24
6.95900578647690E+01	0.00000000000000E+00	0.00000000000000E+00	0.00000000000000E+00
7.13089322940290E+01	0.00000000000000E+00	0.00000000000000E+00	0.00000000000000E+00
7.30702629216910E+01	0.00000000000000E+00	0.00000000000000E+00	0.00000000000000E+00
7.48750984158570E+01	0.00000000000000E+00	0.00000000000000E+00	0.00000000000000E+00
7.67245133467290E+01	0.00000000000000E+00	0.00000000000000E+00	0.00000000000000E+00
7.86196088263930E+01	0.00000000000000E+00	0.00000000000000E+00	0.00000000000000E+00
