0.0001213252382062378193763018936843917084
0.0001310101682406906967118939556066724295
0.0001547546746026830289502073366176421176
0.0001993736531186086376053766456737867396
0.0002703839006045054979553018080756093822
0.0003727122795546170559522876434546331814
0.0005138570747317533720343949571723179970
0.0007050841347283490195732982635471591815
0.0009618037105650589773714312824721972550
0.0013042511265383044782817742067090871494
0.0017585905942075762289167833269873386648
0.0023584104542702026410650161794210766253
0.0031466303385220265291205527869236591165
0.0041778862460794951095306834411985397182
0.0055214906619893386062140471382680972923
0.0072650916026949265397257991718621417121
0.0095191825513590022689628614843693199532
0.0124226473208888909490518314554519108128
0.0161495616202399493927438283921715900249
0.0209175179404067829991694044480809999698
0.0269977937416886215643330214700168490083
0.0347277471919540184081953010375443113844
0.0445259034654647793677459052807954265063
0.0569102979769288044701886636334009494931
0.0725207972740429010518312981370403491610
0.0921464112052133990239774670449879323542
0.1167593148811535078287430350352238406231
0.1475593016141964552930031587263393078047
0.1860385145290126888116283981888798848559
0.2340955976405996311263306777772363886925
0.2942904602856934929532971984000866427778
0.3705394150373232284539741498985421230827
0.4703363364450078823626733015572654039715
0.6134415543230219642679458547096515985686
0.8856907021107733131632701317759170933641
