1 13 39
2
3.0, -0.00000000000, 0.00000000000, 0.00000000000, 0.0, 13.0, 0.0
3.0, -0.00000000000, 0.00000000000, 5.40583134217, 0.0, 13.0, 0.0
3.0, 4.83512150988, 0.00000000000, 2.41756345786, 0.0, 13.0, 0.0
3.0, 1.49413394216, 4.59847583705, 2.41756345786, 0.0, 13.0, 0.0
3.0, -3.91169740001, 2.84201311735, 2.41756345786, 0.0, 13.0, 0.0
3.0, -3.91169740001, -2.84201311735, 2.41756345786, 0.0, 13.0, 0.0
3.0, 1.49413394216, -4.59847583705, 2.41756345786, 0.0, 13.0, 0.0
3.0, 3.91169740001, -2.84201311735, -2.41756345786, 0.0, 13.0, 0.0
3.0, 3.91169740001, 2.84201311735, -2.41756345786, 0.0, 13.0, 0.0
3.0, -1.49413394216, 4.59847583705, -2.41756345786, 0.0, 13.0, 0.0
3.0, -4.83512150988, -0.00000000004, -2.41756345786, 0.0, 13.0, 0.0
3.0, -1.49413394216, -4.59847583705, -2.41756345786, 0.0, 13.0, 0.0
3.0, -0.00000000000, 0.00000000000, -5.40583134217, 0.0, 13.0, 0.0
